181 44 116 0
180 50 114 0
184 42 114 0
180 47 112 0
178 44 107 0
186 44 116 0
181 52 117 0
184 47 115 0
198 68 94 0
207 60 104 0
213 76 96 0
200 56 89 0
203 54 109 0
209 68 103 0
186 44 118 0
204 55 113 0
205 62 105 0
221 126 80 0
179 51 110 0
184 49 115 0
198 57 99 0
200 57 103 0
218 123 69 0
237 36 116 0
235 32 111 0
184 56 113 0
182 50 110 0
204 60 109 0
223 129 67 0
234 134 74 0
226 11 128 0
232 16 123 0
237 21 122 0
183 49 112 0
229 135 63 0
231 134 66 0
224 14 123 0
232 23 115 0
237 27 118 0
214 71 98 0
197 68 90 0
185 58 85 0
187 60 101 0
179 50 106 0
201 61 108 0
199 62 108 0
194 62 109 0
224 19 124 0
229 25 120 0
234 27 115 0
239 31 117 0
218 69 91 0
186 50 64 0
175 46 64 0
180 52 85 0
191 63 111 0
181 53 110 0
179 51 108 0
180 56 108 0
184 61 105 0
198 66 105 0
198 58 103 0
194 58 104 0
165 97 88 0
222 127 81 0
200 101 70 0
201 98 79 0
222 20 122 0
229 26 116 0
237 31 114 0
231 67 104 0
213 61 82 0
174 39 46 0
168 41 52 0
167 40 69 0
180 55 97 0
182 57 112 0
180 55 111 0
180 58 107 0
182 63 101 0
184 65 97 0
201 71 107 0
199 62 106 0
196 60 108 0
177 104 89 0
215 123 48 0
230 137 67 0
228 135 74 0
205 112 69 0
184 89 61 0
180 80 64 0
182 79 80 0
211 13 126 0
217 17 116 0
228 25 115 0
235 29 111 0
239 34 111 0
218 33 111 0
221 45 109 0
222 60 99 0
199 53 72 0
168 39 43 0
164 43 48 0
176 54 105 0
178 62 97 0
189 72 101 0
178 100 96 0
176 99 79 0
183 108 77 0
184 109 67 0
213 133 80 0
233 142 61 0
237 145 68 0
223 129 78 0
183 89 53 0
185 90 68 0
180 80 82 0
197 16 129 0
200 16 128 0
200 11 129 0
208 14 128 0
216 20 118 0
225 25 114 0
228 25 107 0
232 27 106 0
203 43 117 0
181 44 114 0
201 35 117 0
196 24 108 0
200 22 106 0
201 23 101 0
207 34 98 0
213 52 94 0
191 48 68 0
171 45 48 0
158 42 43 0
169 59 86 0
183 69 92 0
188 70 96 0
167 87 86 0
169 87 75 0
190 108 84 0
201 121 84 0
243 152 69 0
237 146 65 0
238 146 71 0
219 127 78 0
208 115 82 0
195 98 92 0
195 12 130 0
227 29 116 0
229 27 109 0
230 29 107 0
238 35 114 0
189 23 97 0
195 31 94 0
203 46 91 0
184 37 63 0
160 35 39 0
168 66 80 0
173 67 79 0
181 70 89 0
177 79 104 0
175 79 90 0
175 84 81 0
181 92 78 0
194 103 82 0
228 145 67 0
231 142 60 0
243 153 67 0
238 147 64 0
219 128 81 0
185 90 72 0
225 31 117 0
223 28 107 0
229 34 112 0
184 40 109 0
189 25 120 0
185 27 112 0
183 25 86 0
192 36 83 0
177 30 58 0
160 73 79 0
163 71 76 0
174 72 86 0
186 77 100 0
187 77 86 0
192 84 82 0
197 93 80 0
198 98 74 0
208 109 78 0
209 126 58 0
229 146 70 0
236 149 69 0
240 150 62 0
188 94 69 0
174 68 90 0
217 30 109 0
224 36 113 0
228 37 115 0
197 45 118 0
194 24 121 0
192 23 114 0
180 25 69 0
174 30 55 0
162 38 38 0
165 75 85 0
192 68 96 0
195 70 86 0
196 73 78 0
204 82 77 0
210 90 73 0
215 100 71 0
225 116 77 0
232 127 79 0
232 131 75 0
226 142 69 0
223 135 61 0
234 146 70 0
223 134 78 0
192 98 73 0
218 37 116 0
220 39 118 0
177 21 68 0
166 22 49 0
157 33 33 0
166 84 94 0
190 62 111 0
189 55 106 0
193 62 102 0
196 64 101 0
193 60 89 0
191 53 76 0
199 61 76 0
200 64 68 0
204 70 61 0
215 83 62 0
221 94 61 0
230 109 66 0
233 117 66 0
237 127 68 0
232 128 63 0
231 140 67 0
219 133 58 0
215 131 59 0
216 132 62 0
227 143 73 0
223 140 62 0
232 146 69 0
210 124 71 0
178 88 64 0
210 32 118 0
175 18 69 0
162 82 93 0
175 80 102 0
184 75 106 0
184 61 105 0
183 50 105 0
188 48 111 0
190 46 115 0
195 51 110 0
189 46 92 0
190 49 84 0
194 51 81 0
195 48 74 0
195 47 69 0
201 50 65 0
205 56 58 0
209 62 54 0
216 74 52 0
222 83 50 0
229 96 55 0
235 108 57 0
240 119 62 0
222 110 46 0
228 130 57 0
218 126 51 0
204 116 44 0
219 134 69 0
210 128 70 0
171 90 35 0
187 110 54 0
188 112 54 0
204 126 64 0
214 135 78 0
205 124 81 0
173 86 69 0
207 28 110 0
199 27 111 0
170 54 91 0
179 48 98 0
185 46 103 0
184 42 102 0
188 44 105 0
191 47 106 0
189 45 98 0
188 42 81 0
189 40 72 0
191 41 68 0
193 39 63 0
197 41 62 0
201 45 58 0
204 50 50 0
204 52 39 0
212 64 38 0
217 73 38 0
225 84 39 0
232 98 45 0
238 112 53 0
228 110 44 0
235 129 55 0
235 137 62 0
234 140 70 0
222 132 69 0
190 107 55 0
163 85 39 0
147 75 34 0
144 75 34 0
150 81 39 0
165 95 57 0
162 88 63 0
228 35 118 0
215 27 114 0
201 35 119 0
175 48 93 0
186 48 100 0
181 40 92 0
183 40 93 0
183 41 91 0
183 40 84 0
185 39 75 0
189 40 69 0
192 38 62 0
190 34 55 0
193 36 55 0
195 39 50 0
198 44 42 0
202 51 34 0
212 61 32 0
218 71 28 0
223 82 29 0
228 92 32 0
233 106 39 0
225 104 33 0
238 127 48 0
240 134 58 0
235 134 64 0
213 119 58 0
192 106 55 0
177 100 58 0
224 33 113 0
229 30 113 0
233 31 115 0
231 29 115 0
180 49 93 0
175 38 82 0
179 40 82 0
174 37 79 0
175 36 75 0
180 36 69 0
185 38 66 0
188 36 59 0
192 35 56 0
192 33 51 0
191 34 43 0
185 30 25 0
199 48 27 0
212 62 27 0
220 74 27 0
227 84 26 0
230 92 27 0
234 101 32 0
225 99 25 0
240 118 43 0
236 122 51 0
228 119 54 0
205 104 48 0
191 99 52 0
149 69 32 0
223 32 109 0
229 38 115 0
229 38 116 0
226 33 112 0
173 52 85 0
174 44 80 0
174 40 77 0
170 36 71 0
175 37 70 0
177 34 62 0
183 35 59 0
194 38 59 0
197 36 52 0
196 35 41 0
182 28 18 0
197 47 22 0
207 61 20 0
222 78 25 0
229 89 27 0
227 88 19 0
231 93 21 0
242 105 35 0
240 108 43 0
220 94 33 0
233 112 55 0
221 109 59 0
192 90 52 0
184 32 115 0
200 45 113 0
201 44 111 0
231 37 110 0
226 36 110 0
226 38 112 0
216 28 104 0
221 33 110 0
224 37 118 0
171 36 68 0
171 31 58 0
180 34 57 0
188 35 55 0
193 32 47 0
196 36 38 0
196 43 29 0
200 52 22 0
199 57 11 0
216 75 19 0
225 83 19 0
232 89 21 0
241 93 29 0
237 88 29 0
227 82 29 0
221 81 32 0
227 95 47 0
220 97 56 0
205 92 62 0
165 69 47 0
184 39 108 0
203 50 114 0
178 48 108 0
217 33 103 0
224 28 102 0
238 37 113 0
238 38 111 0
226 29 101 0
218 24 95 0
207 20 91 0
205 19 94 0
218 27 107 0
220 32 116 0
172 41 75 0
174 37 67 0
174 34 60 0
181 35 58 0
183 32 49 0
188 31 38 0
191 36 31 0
188 39 17 0
200 58 22 0
205 63 15 0
217 74 18 0
220 74 14 0
229 79 20 0
225 67 19 0
223 62 18 0
225 66 26 0
227 73 35 0
223 76 43 0
218 80 52 0
201 77 53 0
179 72 54 0
197 55 113 0
196 53 109 0
196 57 112 0
221 29 102 0
225 24 100 0
231 29 105 0
233 32 108 0
221 25 99 0
214 24 98 0
212 24 101 0
216 24 107 0
213 23 109 0
210 21 111 0
169 48 83 0
178 48 82 0
176 41 71 0
177 39 64 0
181 38 58 0
182 34 48 0
185 32 34 0
186 34 21 0
193 48 17 0
204 63 18 0
210 69 16 0
211 66 11 0
220 71 13 0
223 69 17 0
205 46 7 0
209 45 17 0
218 54 27 0
213 54 32 0
197 50 34 0
197 61 47 0
199 76 60 0
173 67 54 0
189 51 103 0
189 51 102 0
221 30 108 0
228 26 108 0
234 35 115 0
220 22 105 0
213 19 105 0
199 10 100 0
199 11 105 0
206 16 112 0
212 24 119 0
190 36 120 0
167 44 75 0
171 41 67 0
177 41 63 0
179 40 59 0
177 33 43 0
182 33 29 0
187 38 18 0
199 56 14 0
210 69 16 0
213 68 13 0
223 74 18 0
221 70 15 0
217 65 16 0
194 41 9 0
183 28 8 0
186 28 17 0
182 30 25 0
164 29 33 0
164 44 46 0
160 48 44 0
189 54 113 0
196 58 109 0
194 57 103 0
222 33 115 0
225 33 116 0
219 29 115 0
210 23 112 0
196 15 108 0
194 14 111 0
201 15 114 0
204 20 116 0
204 27 117 0
199 34 113 0
189 39 110 0
181 42 107 0
170 38 62 0
179 40 61 0
180 34 44 0
190 37 31 0
204 48 25 0
224 68 27 0
220 66 14 0
203 48 0 0
225 70 16 0
218 61 10 0
211 55 14 0
192 42 17 0
168 22 9 0
174 30 29 0
160 25 32 0
188 53 112 0
201 28 117 0
190 19 111 0
187 24 103 0
187 34 98 0
173 33 80 0
181 47 118 0
185 41 68 0
186 30 43 0
205 38 30 0
222 48 24 0
236 56 21 0
240 61 18 0
237 66 14 0
231 61 10 0
219 50 7 0
214 49 17 0
186 35 14 0
166 28 18 0
196 57 112 0
185 53 113 0
190 32 119 0
176 51 107 0
179 42 84 0
192 38 72 0
198 31 49 0
218 36 35 0
226 34 19 0
233 35 9 0
239 45 10 0
244 61 17 0
235 58 14 0
226 49 16 0
212 43 20 0
180 28 14 0
158 25 20 0
179 50 114 0
204 49 106 0
204 37 80 0
207 27 56 0
222 25 35 0
230 22 20 0
235 22 14 0
241 36 17 0
242 55 22 0
230 51 19 0
214 35 15 0
196 25 15 0
174 23 14 0
158 28 26 0
212 35 89 0
219 28 69 0
227 23 50 0
234 19 34 0
235 19 24 0
240 28 24 0
226 33 16 0
215 32 14 0
207 24 16 0
194 22 18 0
175 26 22 0
184 29 94 0
210 46 115 0
217 43 115 0
218 33 98 0
222 29 82 0
227 26 68 0
228 21 51 0
233 16 35 0
230 16 26 0
229 27 27 0
217 23 21 0
208 18 17 0
196 22 21 0
173 24 26 0
249 104 83 0
198 38 102 0
196 28 101 0
205 29 104 0
224 36 110 0
227 32 98 0
225 26 83 0
219 13 59 0
234 19 53 0
234 18 42 0
224 17 33 0
224 23 33 0
224 28 32 0
207 28 32 0
170 22 34 0
250 103 83 0
250 101 77 0
245 100 79 0
191 32 99 0
203 31 107 0
231 32 99 0
231 26 83 0
234 22 70 0
235 21 59 0
222 12 41 0
228 21 41 0
229 25 36 0
206 22 34 0
165 17 41 0
245 98 80 0
242 101 84 0
173 17 56 0
174 21 51 0
162 14 26 0
156 16 17 0
186 31 96 0
237 34 100 0
238 30 88 0
237 29 79 0
232 25 69 0
230 24 60 0
227 23 48 0
212 24 48 0
182 24 59 0
189 72 98 0
215 83 97 0
173 7 57 0
175 8 54 0
180 14 54 0
184 16 49 0
180 17 38 0
165 11 21 0
156 11 14 0
158 21 28 0
181 26 91 0
241 41 111 0
238 39 104 0
231 33 94 0
225 28 81 0
225 26 69 0
213 21 62 0
205 25 70 0
183 21 71 0
200 75 83 0
251 109 85 0
253 112 84 0
251 110 80 0
251 110 82 0
174 8 56 0
179 9 54 0
182 12 49 0
184 14 40 0
179 14 30 0
168 13 19 0
156 7 9 0
157 17 20 0
164 21 25 0
171 24 32 0
165 25 36 0
191 31 93 0
234 42 115 0
227 34 101 0
227 29 88 0
224 30 83 0
216 27 83 0
202 23 88 0
187 25 101 0
185 66 72 0
249 107 83 0
251 107 81 0
252 109 79 0
254 112 76 0
253 113 77 0
251 110 82 0
188 45 109 0
173 9 46 0
175 10 40 0
169 6 23 0
169 9 19 0
168 13 17 0
156 7 11 0
158 14 23 0
164 19 26 0
172 22 31 0
176 26 37 0
173 28 43 0
205 37 96 0
234 40 110 0
241 35 107 0
242 32 107 0
243 37 112 0
233 37 103 0
231 35 99 0
223 31 104 0
215 28 109 0
203 24 116 0
193 79 87 0
254 111 77 0
253 111 71 0
253 113 77 0
249 109 86 0
226 48 110 0
215 37 87 0
200 28 78 0
210 52 113 0
191 39 112 0
163 7 29 0
159 5 17 0
161 10 15 0
162 12 13 0
159 10 12 0
162 15 25 0
169 18 27 0
178 22 33 0
184 30 42 0
182 34 50 0
173 36 56 0
165 41 65 0
172 40 79 0
211 36 91 0
235 35 98 0
239 29 90 0
243 31 92 0
245 34 101 0
246 39 111 0
241 41 114 0
236 35 113 0
229 32 120 0
254 114 81 0
254 112 76 0
253 112 69 0
253 111 75 0
224 35 91 0
223 22 58 0
224 21 51 0
216 28 63 0
215 35 83 0
212 32 105 0
197 19 103 0
189 11 97 0
181 11 82 0
155 11 10 0
158 13 10 0
156 10 10 0
166 16 18 0
183 23 31 0
191 29 40 0
193 32 47 0
190 35 53 0
183 37 60 0
174 40 67 0
190 48 88 0
224 42 93 0
239 34 90 0
242 32 81 0
245 33 81 0
246 32 84 0
244 30 90 0
245 36 104 0
242 37 112 0
237 36 114 0
242 34 118 0
251 111 78 0
251 108 74 0
255 112 75 0
254 111 69 0
252 108 73 0
235 48 101 0
230 19 54 0
234 14 40 0
238 30 52 0
227 27 56 0
217 21 71 0
218 24 87 0
205 13 88 0
193 8 75 0
179 8 50 0
167 10 31 0
172 25 33 0
164 24 23 0
155 16 9 0
159 16 10 0
166 16 15 0
180 21 25 0
184 20 27 0
185 21 32 0
185 27 42 0
186 34 57 0
180 37 67 0
170 39 73 0
171 52 90 0
180 66 102 0
168 57 89 0
204 53 98 0
227 41 91 0
237 34 81 0
240 34 72 0
245 36 68 0
247 33 67 0
245 31 69 0
239 29 74 0
237 30 84 0
237 31 95 0
239 31 106 0
244 32 117 0
250 108 72 0
252 108 71 0
255 109 68 0
254 109 65 0
252 105 69 0
253 109 85 0
245 106 87 0
232 24 73 0
237 15 54 0
237 19 43 0
244 31 49 0
234 27 45 0
227 24 54 0
223 20 75 0
200 2 63 0
187 4 50 0
167 0 34 0
156 18 15 0
155 22 15 0
158 21 11 0
157 14 6 0
168 14 12 0
176 16 18 0
182 19 24 0
182 20 31 0
184 28 50 0
183 36 65 0
175 40 73 0
175 49 87 0
187 65 102 0
183 65 99 0
177 59 93 0
171 53 87 0
175 49 87 0
187 45 91 0
217 56 106 0
230 48 97 0
239 44 86 0
239 41 66 0
242 40 54 0
245 38 48 0
241 31 40 0
244 34 45 0
242 33 54 0
242 32 69 0
240 29 84 0
246 31 109 0
252 119 78 0
248 111 69 0
247 106 63 0
251 108 64 0
254 109 65 0
254 109 64 0
254 107 63 0
253 105 65 0
255 106 74 0
255 107 77 0
253 106 73 0
250 103 69 0
250 103 69 0
248 103 74 0
244 102 82 0
240 37 92 0
241 18 65 0
242 17 51 0
238 17 35 0
251 37 39 0
242 32 41 0
228 18 53 0
222 19 66 0
205 12 57 0
185 4 45 0
166 0 34 0
161 3 18 0
158 3 9 0
165 11 9 0
168 21 14 0
153 21 9 0
160 24 10 0
164 22 8 0
171 23 13 0
175 20 15 0
178 20 17 0
181 22 27 0
182 27 45 0
183 34 63 0
178 40 73 0
173 43 79 0
175 46 84 0
184 55 93 0
188 62 100 0
188 61 102 0
191 60 104 0
209 54 109 0
228 57 110 0
233 50 94 0
238 47 78 0
240 46 57 0
245 50 46 0
249 51 40 0
252 50 36 0
251 48 34 0
253 45 43 0
251 40 57 0
246 34 75 0
249 31 105 0
251 120 74 0
252 120 72 0
253 117 67 0
251 114 62 0
250 110 59 0
253 111 61 0
252 110 60 0
253 109 59 0
254 110 60 0
252 105 61 0
252 104 64 0
254 105 65 0
254 105 63 0
253 104 62 0
252 104 66 0
251 103 73 0
242 43 100 0
242 19 74 0
245 14 68 0
239 11 48 0
241 21 30 0
253 41 38 0
232 25 33 0
216 13 33 0
211 10 46 0
207 11 51 0
193 6 37 0
177 0 19 0
180 2 14 0
177 6 12 0
171 9 7 0
168 15 10 0
166 8 23 0
158 3 9 0
166 26 9 0
174 33 13 0
176 31 10 0
175 28 10 0
172 24 10 0
174 23 14 0
173 21 20 0
177 25 37 0
180 34 55 0
165 35 61 0
173 45 78 0
173 43 79 0
185 52 95 0
240 50 86 0
240 48 63 0
243 52 44 0
253 64 42 0
255 69 38 0
253 63 31 0
248 50 24 0
251 48 34 0
250 41 46 0
247 32 65 0
249 32 103 0
252 124 75 0
252 122 72 0
251 120 66 0
252 118 63 0
252 119 62 0
253 118 60 0
252 117 59 0
252 117 59 0
255 120 62 0
255 116 59 0
252 111 55 0
252 111 57 0
254 110 58 0
255 111 61 0
254 108 61 0
253 107 60 0
252 104 64 0
251 106 75 0
237 35 93 0
241 18 75 0
243 11 69 0
244 13 55 0
238 13 27 0
240 22 21 0
242 30 27 0
225 18 24 0
208 1 27 0
210 7 37 0
213 14 35 0
208 12 26 0
209 18 25 0
201 18 20 0
177 8 5 0
173 14 10 0
162 10 5 0
162 19 15 0
169 7 18 0
181 15 19 0
178 16 13 0
165 11 3 0
164 17 7 0
167 25 13 0
170 27 11 0
176 31 12 0
179 35 11 0
180 36 10 0
176 34 10 0
172 30 10 0
171 29 15 0
168 23 16 0
168 19 23 0
174 29 42 0
163 31 52 0
179 41 75 0
191 45 90 0
207 52 107 0
242 56 106 0
239 47 72 0
243 50 51 0
249 60 41 0
254 67 34 0
254 71 31 0
255 69 28 0
251 58 25 0
255 54 34 0
252 42 41 0
247 33 61 0
248 31 100 0
250 121 64 0
253 123 65 0
252 119 58 0
255 121 60 0
253 119 56 0
253 119 55 0
253 121 56 0
254 122 57 0
254 120 56 0
254 116 53 0
253 113 52 0
253 113 54 0
253 112 58 0
255 111 61 0
252 107 60 0
253 108 63 0
247 107 71 0
240 33 89 0
234 12 63 0
233 6 49 0
236 5 39 0
241 9 33 0
238 10 23 0
231 13 12 0
235 25 24 0
213 7 19 0
217 12 27 0
222 12 21 0
216 10 14 0
217 19 16 0
209 22 15 0
186 11 5 0
176 11 5 0
172 18 10 0
169 24 17 0
156 25 17 0
160 28 15 0
179 17 12 0
195 27 16 0
190 24 10 0
190 29 11 0
187 32 10 0
185 33 12 0
179 28 9 0
177 28 8 0
176 32 8 0
176 36 11 0
173 35 9 0
169 33 11 0
167 32 13 0
163 25 14 0
167 22 19 0
169 24 31 0
164 27 43 0
167 27 53 0
188 39 71 0
204 41 86 0
214 43 96 0
238 49 89 0
238 46 57 0
246 53 44 0
250 60 36 0
250 63 28 0
253 67 28 0
255 68 30 0
246 53 20 0
255 56 36 0
251 43 43 0
246 33 63 0
246 31 99 0
244 130 78 0
252 123 65 0
254 125 60 0
255 123 58 0
254 122 57 0
252 121 53 0
253 122 52 0
254 123 53 0
253 122 50 0
255 121 50 0
255 118 50 0
254 115 50 0
255 113 55 0
255 111 59 0
254 109 64 0
253 107 68 0
252 108 71 0
231 29 102 0
246 30 95 0
241 16 72 0
237 8 51 0
237 5 42 0
238 3 36 0
236 7 28 0
232 11 16 0
240 28 24 0
230 26 25 0
213 7 9 0
226 12 10 0
223 11 7 0
215 12 5 0
207 14 5 0
212 30 19 0
188 18 5 0
170 12 0 0
161 17 4 0
155 30 8 0
152 32 8 0
155 9 9 0
178 22 9 0
195 33 12 0
187 22 0 0
196 31 9 0
196 36 10 0
187 31 6 0
179 24 2 0
177 26 5 0
171 29 5 0
168 30 4 0
166 32 7 0
162 30 7 0
159 28 8 0
157 24 9 0
163 18 11 0
172 26 26 0
163 24 31 0
172 23 43 0
190 29 60 0
214 37 81 0
229 40 94 0
239 47 104 0
247 54 109 0
247 54 99 0
242 49 76 0
243 50 51 0
247 56 37 0
253 64 34 0
250 64 26 0
253 67 28 0
254 66 29 0
248 53 23 0
250 49 31 0
250 42 40 0
246 34 59 0
245 32 96 0
248 127 74 0
253 123 63 0
253 124 59 0
254 122 57 0
253 122 54 0
253 122 52 0
254 123 53 0
253 122 50 0
253 121 49 0
255 121 50 0
253 115 50 0
254 114 53 0
251 110 56 0
249 107 59 0
250 106 69 0
250 109 79 0
242 113 84 0
220 12 98 0
234 14 102 0
245 18 100 0
251 19 92 0
242 9 66 0
240 7 52 0
240 5 46 0
235 6 35 0
226 10 21 0
230 22 20 0
234 32 22 0
223 19 8 0
230 18 7 0
224 13 4 0
212 9 2 0
209 12 3 0
220 29 11 0
215 39 16 0
173 17 0 0
166 26 3 0
152 28 4 0
172 26 10 0
184 32 9 0
195 35 11 0
194 32 9 0
190 32 7 0
185 29 6 0
183 31 8 0
175 26 4 0
170 28 4 0
163 27 3 0
159 27 4 0
158 27 6 0
157 31 9 0
157 26 8 0
163 21 9 0
171 26 19 0
161 22 19 0
164 19 26 0
177 20 37 0
199 26 54 0
224 33 77 0
239 37 87 0
245 39 88 0
247 42 83 0
246 43 73 0
245 47 60 0
245 51 42 0
251 59 34 0
255 73 35 0
254 71 29 0
253 67 28 0
252 62 28 0
249 49 24 0
249 43 29 0
250 41 36 0
245 36 55 0
246 37 92 0
250 121 66 0
254 121 64 0
252 119 60 0
253 119 56 0
253 120 53 0
254 121 52 0
253 118 50 0
254 119 51 0
253 120 51 0
253 118 52 0
254 115 58 0
252 112 61 0
249 108 62 0
250 108 70 0
251 108 76 0
225 37 113 0
236 33 112 0
240 27 109 0
237 19 105 0
241 18 107 0
238 10 105 0
240 9 105 0
245 10 103 0
250 14 98 0
244 9 78 0
242 9 66 0
242 10 60 0
235 6 45 0
223 5 22 0
233 20 22 0
234 26 16 0
233 26 10 0
237 25 13 0
233 22 11 0
215 13 3 0
210 12 0 0
213 21 0 0
222 41 14 0
209 48 19 0
189 44 13 0
175 45 13 0
148 27 0 0
164 23 6 0
170 21 0 0
183 27 4 0
185 25 1 0
181 25 2 0
181 27 3 0
187 32 10 0
183 33 9 0
176 32 8 0
170 31 8 0
164 32 9 0
161 32 11 0
162 37 15 0
157 27 9 0
163 23 8 0
170 28 16 0
162 23 16 0
163 17 20 0
179 14 31 0
201 20 51 0
221 21 67 0
239 27 77 0
246 30 77 0
246 32 68 0
245 33 55 0
244 37 43 0
252 52 37 0
254 60 32 0
254 66 29 0
254 68 27 0
255 68 30 0
250 57 24 0
249 47 23 0
251 43 30 0
253 44 37 0
245 37 50 0
243 36 80 0
249 129 76 0
252 127 71 0
253 123 65 0
254 121 60 0
251 118 57 0
252 118 54 0
253 120 51 0
251 119 47 0
251 116 50 0
252 117 51 0
252 118 54 0
248 115 56 0
247 116 72 0
245 115 81 0
244 115 84 0
235 16 106 0
240 11 104 0
243 9 106 0
245 9 107 0
246 7 108 0
245 6 107 0
243 7 105 0
242 7 99 0
242 9 90 0
242 10 83 0
242 9 75 0
240 9 61 0
236 9 36 0
241 17 25 0
237 20 13 0
232 19 5 0
231 19 8 0
229 21 9 0
219 19 3 0
219 24 4 0
220 30 4 0
211 30 0 0
217 47 12 0
204 44 8 0
195 45 12 0
181 38 8 0
158 24 0 0
147 26 0 0
143 47 5 0
154 57 15 0
150 41 18 0
164 21 5 0
172 23 1 0
176 21 0 0
180 24 1 0
180 25 3 0
184 29 7 0
188 32 9 0
190 36 12 0
186 38 12 0
174 33 6 0
168 34 9 0
162 33 11 0
152 27 7 0
153 26 9 0
161 24 8 0
169 29 16 0
159 22 16 0
157 10 16 0
178 10 33 0
204 18 55 0
223 20 65 0
237 24 72 0
244 23 74 0
247 25 66 0
247 28 50 0
248 33 38 0
251 48 31 0
253 58 28 0
249 54 22 0
253 59 24 0
253 60 25 0
253 58 26 0
252 52 26 0
251 46 27 0
249 42 32 0
246 39 47 0
242 37 68 0
245 42 106 0
250 132 68 0
254 132 65 0
253 128 61 0
253 126 57 0
252 123 55 0
252 121 51 0
253 122 50 0
253 120 51 0
252 117 53 0
250 114 54 0
251 116 58 0
242 116 68 0
239 18 111 0
244 10 109 0
246 7 108 0
247 5 107 0
246 3 107 0
247 6 109 0
246 7 108 0
244 8 106 0
246 12 101 0
244 12 95 0
242 10 86 0
242 9 72 0
243 8 48 0
237 6 24 0
240 14 15 0
240 17 10 0
231 9 6 0
222 9 3 0
227 25 13 0
230 34 18 0
223 34 12 0
221 37 9 0
216 37 5 0
215 42 8 0
200 35 7 0
178 22 0 0
161 19 0 0
164 36 7 0
152 44 5 0
146 50 2 0
152 60 9 0
154 57 15 0
165 22 5 0
175 29 6 0
179 30 6 0
182 30 6 0
182 28 4 0
190 34 12 0
189 30 11 0
189 32 15 0
187 36 15 0
179 37 15 0
172 40 17 0
156 31 9 0
160 28 15 0
159 22 12 0
184 10 37 0
218 23 63 0
231 24 70 0
238 20 68 0
242 19 66 0
246 20 58 0
247 24 43 0
250 35 33 0
248 43 22 0
255 59 28 0
249 48 20 0
251 50 22 0
251 52 21 0
251 52 23 0
255 54 28 0
251 49 29 0
244 40 31 0
238 37 43 0
231 37 64 0
230 38 95 0
250 138 74 0
250 132 66 0
252 136 63 0
253 136 59 0
254 134 58 0
253 131 56 0
255 129 55 0
253 125 52 0
254 123 51 0
255 122 55 0
252 116 58 0
250 116 65 0
245 117 68 0
228 35 114 0
243 28 119 0
240 15 109 0
244 10 109 0
246 6 107 0
245 4 107 0
243 4 106 0
244 5 107 0
244 5 106 0
244 9 102 0
246 12 101 0
244 11 94 0
245 9 83 0
247 8 63 0
244 6 42 0
240 5 20 0
242 9 15 0
239 5 14 0
234 9 17 0
225 14 20 0
222 23 20 0
219 27 14 0
217 30 11 0
213 29 5 0
211 31 8 0
193 20 3 0
171 10 0 0
163 19 0 0
170 43 11 0
162 51 8 0
147 47 0 0
157 16 7 0
168 28 5 0
176 37 8 0
178 37 7 0
182 34 4 0
189 31 6 0
197 34 17 0
188 27 17 0
180 23 16 0
177 24 18 0
173 31 19 0
160 33 16 0
165 11 21 0
201 18 48 0
224 21 64 0
234 18 65 0
240 17 64 0
243 17 57 0
248 24 51 0
248 28 38 0
255 44 38 0
255 57 33 0
251 50 22 0
251 47 23 0
250 43 23 0
251 47 23 0
248 46 22 0
255 53 31 0
250 49 33 0
241 42 37 0
227 35 46 0
208 33 62 0
207 35 91 0
252 141 69 0
250 137 61 0
255 140 60 0
254 138 55 0
254 138 55 0
253 133 54 0
253 130 52 0
254 128 52 0
253 125 52 0
253 121 57 0
253 117 69 0
246 117 78 0
218 30 106 0
230 13 102 0
230 17 107 0
234 21 111 0
240 27 117 0
240 25 116 0
249 18 114 0
244 8 106 0
241 5 105 0
241 5 105 0
245 6 107 0
245 7 105 0
244 9 104 0
241 6 98 0
240 8 94 0
246 11 90 0
247 8 75 0
245 5 54 0
243 5 31 0
239 3 17 0
240 2 17 0
236 4 18 0
221 1 13 0
207 0 3 0
203 2 0 0
207 11 0 0
208 15 0 0
205 18 3 0
198 17 8 0
174 8 0 0
159 12 0 0
170 41 9 0
172 55 9 0
155 50 0 0
142 45 0 0
161 19 9 0
170 32 6 0
181 44 10 0
184 46 10 0
189 45 11 0
199 41 16 0
196 35 17 0
181 24 17 0
172 20 17 0
165 20 17 0
160 23 17 0
164 8 21 0
201 17 45 0
222 16 55 0
232 15 60 0
239 16 60 0
242 17 51 0
245 21 45 0
246 29 38 0
253 41 37 0
252 45 27 0
249 43 20 0
252 42 25 0
248 41 23 0
252 47 26 0
250 48 26 0
250 49 29 0
248 50 37 0
243 48 46 0
223 41 53 0
196 36 64 0
193 41 92 0
