179 45 114 1
178 43 110 1
173 44 101 1
168 43 101 1
177 52 116 1
169 42 111 1
169 42 109 1
164 38 101 1
192 13 130 1
175 50 114 1
173 46 115 1
163 36 105 1
175 41 114 1
188 9 127 1
185 3 124 1
95 85 154 1
178 52 116 1
170 40 110 1
166 34 107 1
172 36 108 1
187 4 128 1
192 9 135 1
106 96 167 1
100 90 159 1
170 44 107 1
164 35 100 1
167 37 101 1
189 6 132 1
104 99 165 1
104 98 168 1
99 98 164 1
171 43 104 1
162 36 97 1
171 43 102 1
117 42 145 1
112 46 134 1
134 70 128 1
193 8 135 1
192 5 134 1
190 5 132 1
157 79 119 1
87 92 160 1
77 82 150 1
87 88 155 1
174 46 105 1
170 42 103 1
166 41 99 1
172 42 102 1
125 55 179 1
106 37 166 1
111 40 168 1
120 43 175 1
127 52 181 1
122 60 135 1
147 82 112 1
194 9 136 1
194 7 138 1
193 6 137 1
148 60 111 1
150 40 113 1
150 50 122 1
100 98 163 1
100 103 170 1
83 92 161 1
77 87 158 1
78 87 156 1
92 97 165 1
100 97 166 1
176 48 107 1
174 46 107 1
169 44 102 1
172 44 101 1
193 6 139 1
181 0 154 1
159 61 120 1
129 67 118 1
81 86 154 1
74 82 154 1
73 83 155 1
75 87 159 1
71 79 151 1
87 87 157 1
108 96 162 1
173 48 106 1
186 2 134 1
183 0 131 1
190 4 137 1
81 85 156 1
74 82 155 1
74 83 158 1
69 79 151 1
62 66 139 1
93 85 160 1
105 83 155 1
175 50 108 1
149 77 127 1
186 5 136 1
180 0 132 1
186 2 136 1
92 90 163 1
83 85 159 1
72 78 154 1
78 84 160 1
78 84 158 1
71 67 144 1
90 62 146 1
120 71 153 1
139 66 145 1
164 42 67 1
166 45 86 1
175 53 110 1
170 49 103 1
170 53 98 1
154 79 110 1
184 2 136 1
181 0 135 1
186 1 138 1
157 65 116 1
97 83 162 1
82 69 151 1
78 65 147 1
82 64 148 1
90 60 146 1
101 47 141 1
125 50 143 1
139 43 132 1
156 53 136 1
158 40 64 1
156 37 75 1
163 45 93 1
168 51 103 1
163 49 98 1
165 54 94 1
158 71 105 1
156 74 88 1
178 0 133 1
183 3 138 1
188 3 140 1
173 17 142 1
181 15 125 1
183 12 118 1
178 8 117 1
179 5 118 1
174 51 116 1
148 63 131 1
117 72 157 1
119 70 162 1
102 48 144 1
100 43 140 1
112 44 145 1
118 32 139 1
128 31 136 1
127 20 116 1
144 26 120 1
162 37 128 1
173 43 131 1
182 26 107 1
174 15 95 1
180 18 94 1
145 30 33 1
146 30 53 1
143 29 65 1
147 34 77 1
156 45 88 1
153 49 86 1
156 56 84 1
189 4 141 1
175 0 130 1
180 5 136 1
165 24 152 1
159 14 131 1
159 10 114 1
159 7 108 1
166 6 116 1
180 11 128 1
192 12 135 1
168 41 108 1
159 58 128 1
158 56 132 1
103 92 152 1
89 74 141 1
125 52 144 1
122 41 136 1
130 45 146 1
130 42 146 1
131 38 145 1
138 36 146 1
139 29 142 1
138 22 133 1
128 11 115 1
141 16 118 1
154 19 121 1
165 19 118 1
181 23 120 1
174 18 99 1
160 8 83 1
166 11 85 1
177 20 91 1
153 29 31 1
139 25 25 1
134 23 40 1
135 26 55 1
139 33 69 1
144 44 80 1
138 48 76 1
142 55 72 1
161 42 100 1
181 1 134 1
170 0 125 1
177 4 132 1
186 9 141 1
160 19 160 1
151 19 154 1
150 16 139 1
145 11 124 1
145 8 112 1
151 9 111 1
163 9 119 1
180 18 130 1
163 38 114 1
167 45 120 1
155 41 113 1
152 43 124 1
155 57 130 1
101 82 146 1
104 82 154 1
108 58 143 1
127 52 145 1
143 46 143 1
133 22 124 1
141 24 129 1
139 19 127 1
143 19 133 1
156 29 146 1
153 21 140 1
150 19 135 1
138 12 122 1
139 13 121 1
142 12 121 1
152 12 119 1
167 12 114 1
177 13 112 1
186 17 116 1
177 14 97 1
159 7 82 1
156 6 77 1
167 13 83 1
174 18 81 1
143 32 25 1
136 31 38 1
125 26 44 1
117 24 51 1
115 30 59 1
122 44 66 1
128 56 70 1
141 72 77 1
155 80 85 1
160 57 78 1
153 35 95 1
166 31 125 1
181 8 134 1
170 0 125 1
165 0 120 1
171 0 128 1
179 3 137 1
180 1 142 1
157 14 156 1
139 9 141 1
133 7 130 1
133 6 121 1
141 9 119 1
153 13 120 1
167 16 121 1
186 25 129 1
153 16 96 1
168 29 108 1
178 46 122 1
161 37 121 1
163 41 126 1
93 60 131 1
114 77 155 1
106 50 139 1
114 34 129 1
141 37 136 1
144 25 127 1
147 20 127 1
151 19 129 1
147 13 128 1
151 16 134 1
153 18 138 1
150 17 136 1
142 13 129 1
139 12 125 1
141 10 124 1
151 13 124 1
161 10 115 1
169 7 110 1
175 6 109 1
175 3 101 1
184 13 105 1
176 10 94 1
160 5 81 1
156 6 77 1
162 11 80 1
173 19 81 1
142 33 26 1
143 40 43 1
124 31 42 1
106 22 45 1
104 29 52 1
108 40 55 1
119 56 65 1
128 69 73 1
144 79 83 1
146 47 68 1
148 34 94 1
161 27 122 1
179 9 134 1
171 0 128 1
171 1 126 1
181 8 136 1
180 4 138 1
178 1 141 1
172 10 157 1
152 11 151 1
134 7 138 1
129 6 130 1
135 12 129 1
146 17 133 1
155 17 128 1
173 24 128 1
178 46 122 1
177 36 114 1
174 29 106 1
153 6 86 1
181 35 120 1
177 35 121 1
132 69 148 1
114 56 140 1
118 63 147 1
123 60 149 1
107 34 126 1
107 13 110 1
126 20 120 1
142 27 131 1
143 20 127 1
144 16 129 1
146 19 134 1
134 11 128 1
143 20 137 1
148 24 138 1
142 14 127 1
150 13 127 1
156 14 126 1
155 8 115 1
163 8 112 1
174 8 110 1
176 6 103 1
173 6 94 1
165 3 86 1
158 3 79 1
159 7 80 1
160 9 78 1
170 18 79 1
164 16 48 1
150 25 29 1
143 31 27 1
138 35 36 1
122 29 39 1
103 21 43 1
100 27 47 1
105 39 51 1
127 66 71 1
140 82 80 1
148 84 85 1
148 53 77 1
148 38 101 1
160 29 125 1
179 8 140 1
179 5 136 1
177 2 131 1
170 11 153 1
151 13 148 1
131 6 134 1
130 10 133 1
137 15 134 1
146 17 135 1
156 19 131 1
173 26 130 1
181 36 113 1
179 28 107 1
175 26 108 1
179 31 117 1
170 43 132 1
131 33 120 1
117 41 131 1
107 34 124 1
110 44 134 1
98 29 120 1
106 26 121 1
139 52 149 1
144 49 149 1
138 36 138 1
139 27 135 1
143 29 140 1
132 20 132 1
135 21 134 1
148 25 139 1
150 19 133 1
154 15 130 1
158 15 129 1
160 14 123 1
159 3 110 1
172 5 110 1
178 8 105 1
170 6 95 1
159 0 84 1
157 2 80 1
159 9 83 1
156 11 78 1
164 18 80 1
172 23 78 1
158 16 56 1
137 15 28 1
135 27 27 1
120 19 23 1
112 20 31 1
101 20 39 1
101 28 47 1
99 31 42 1
124 64 66 1
151 96 93 1
148 88 88 1
152 79 90 1
150 62 84 1
161 61 89 1
136 55 54 1
136 42 79 1
162 50 124 1
179 7 145 1
175 0 134 1
176 0 131 1
185 8 140 1
188 8 143 1
167 11 146 1
143 8 137 1
127 4 129 1
130 12 132 1
136 14 133 1
145 16 134 1
158 20 132 1
179 30 134 1
157 68 116 1
161 74 119 1
173 42 118 1
163 25 102 1
153 16 96 1
159 21 106 1
167 28 117 1
161 28 119 1
137 16 111 1
147 40 134 1
135 42 133 1
126 45 137 1
113 40 130 1
102 37 129 1
92 31 124 1
91 32 124 1
92 27 121 1
109 35 130 1
135 47 147 1
138 42 142 1
143 40 145 1
146 34 142 1
150 28 137 1
156 25 137 1
154 17 133 1
155 12 126 1
162 11 124 1
166 6 116 1
175 5 111 1
178 8 107 1
172 9 102 1
162 4 91 1
159 8 89 1
154 9 84 1
150 14 80 1
154 20 81 1
165 26 89 1
153 21 71 1
133 16 42 1
131 25 39 1
117 19 32 1
111 20 35 1
108 23 42 1
106 28 44 1
100 30 41 1
119 57 62 1
145 91 89 1
132 78 78 1
130 64 74 1
133 56 74 1
139 49 74 1
156 48 82 1
140 74 39 1
116 55 27 1
115 57 37 1
119 59 48 1
105 43 44 1
110 36 61 1
126 32 92 1
156 38 132 1
175 0 141 1
174 0 132 1
179 2 134 1
183 6 140 1
184 8 142 1
165 12 139 1
141 8 133 1
127 7 128 1
129 11 131 1
133 11 128 1
145 12 129 1
165 23 135 1
154 62 113 1
139 56 102 1
146 65 106 1
145 67 106 1
147 73 110 1
161 34 113 1
157 22 101 1
157 21 103 1
145 7 93 1
157 17 106 1
147 8 101 1
154 15 114 1
154 28 127 1
131 24 117 1
119 29 117 1
111 30 122 1
97 26 118 1
77 18 110 1
95 42 134 1
84 31 121 1
99 39 129 1
118 43 136 1
135 48 145 1
143 43 142 1
147 34 140 1
151 25 135 1
153 20 135 1
155 18 134 1
156 11 130 1
162 7 124 1
167 5 117 1
176 4 112 1
177 6 108 1
173 8 103 1
154 0 88 1
152 6 89 1
143 7 81 1
139 13 77 1
141 17 79 1
149 23 87 1
150 29 83 1
133 21 57 1
126 24 48 1
112 17 37 1
109 18 36 1
113 26 45 1
110 29 46 1
107 33 46 1
119 54 62 1
129 74 77 1
115 63 67 1
110 52 64 1
115 48 66 1
127 48 70 1
144 47 78 1
166 47 87 1
119 54 26 1
108 51 34 1
87 34 28 1
90 37 43 1
92 37 58 1
106 34 80 1
125 28 107 1
155 33 144 1
185 6 147 1
183 3 138 1
185 8 142 1
184 13 143 1
179 19 145 1
147 1 125 1
134 6 127 1
126 6 127 1
126 6 127 1
136 11 129 1
149 11 130 1
171 24 138 1
162 68 120 1
142 58 107 1
136 59 103 1
139 63 102 1
133 59 96 1
131 57 94 1
172 40 126 1
169 30 119 1
169 24 115 1
164 17 108 1
169 20 112 1
169 20 114 1
167 18 118 1
160 21 120 1
146 27 117 1
113 9 96 1
123 28 120 1
124 39 132 1
118 41 135 1
115 46 139 1
98 38 128 1
112 49 140 1
117 44 136 1
137 50 145 1
137 32 135 1
146 26 134 1
152 19 134 1
163 24 143 1
157 15 137 1
152 4 126 1
156 0 123 1
169 4 122 1
179 5 116 1
180 5 108 1
172 7 102 1
159 6 94 1
141 8 89 1
131 9 82 1
127 12 77 1
130 17 79 1
131 17 79 1
136 22 81 1
126 21 64 1
115 15 49 1
106 10 37 1
105 13 34 1
110 21 43 1
106 23 41 1
104 28 41 1
106 36 47 1
107 48 54 1
110 54 63 1
105 48 65 1
108 46 69 1
121 51 77 1
139 53 82 1
159 51 83 1
167 35 72 1
136 49 22 1
133 62 44 1
101 43 32 1
85 33 33 1
87 37 49 1
93 38 69 1
106 35 93 1
130 31 124 1
158 32 157 1
188 8 143 1
163 13 136 1
138 2 124 1
128 4 126 1
123 3 126 1
128 4 126 1
139 9 131 1
156 14 136 1
169 20 136 1
186 33 124 1
160 68 117 1
144 61 107 1
131 56 99 1
128 57 99 1
126 58 95 1
119 52 87 1
129 59 93 1
180 32 126 1
175 26 120 1
164 15 109 1
167 18 110 1
167 18 110 1
164 14 111 1
168 27 123 1
159 32 119 1
148 31 119 1
141 32 125 1
133 32 126 1
125 36 130 1
120 43 135 1
116 51 143 1
115 50 142 1
103 26 120 1
129 34 134 1
135 22 128 1
141 13 126 1
157 18 137 1
158 13 134 1
158 10 134 1
153 3 128 1
157 1 124 1
165 3 122 1
175 5 114 1
173 4 105 1
166 5 98 1
153 5 89 1
133 6 83 1
129 14 83 1
123 13 74 1
122 14 72 1
126 16 77 1
124 16 74 1
119 17 65 1
108 10 49 1
106 11 43 1
101 11 37 1
103 17 42 1
99 17 39 1
99 22 40 1
105 34 48 1
104 41 52 1
101 43 55 1
100 45 64 1
104 46 70 1
120 56 83 1
136 60 88 1
146 52 79 1
161 52 81 1
164 43 74 1
164 36 69 1
163 33 67 1
167 36 70 1
136 58 46 1
100 39 36 1
91 38 44 1
84 35 56 1
95 40 80 1
114 45 112 1
135 40 140 1
184 8 143 1
179 16 145 1
150 6 129 1
136 4 124 1
128 4 126 1
126 3 127 1
130 4 129 1
143 9 132 1
156 14 136 1
162 15 129 1
180 31 131 1
183 35 123 1
181 34 112 1
147 64 110 1
133 58 101 1
123 52 96 1
124 57 98 1
118 52 90 1
119 53 89 1
138 71 104 1
177 23 119 1
173 25 119 1
164 24 113 1
159 21 107 1
153 13 102 1
159 20 109 1
152 22 108 1
155 28 117 1
158 33 127 1
150 35 130 1
134 37 130 1
105 24 116 1
85 16 109 1
105 35 131 1
106 20 121 1
123 18 123 1
140 13 126 1
151 12 129 1
158 10 132 1
153 0 124 1
155 2 126 1
154 1 125 1
152 0 118 1
158 1 116 1
162 2 110 1
162 3 103 1
156 6 93 1
145 4 82 1
135 10 78 1
128 12 73 1
126 13 69 1
127 16 69 1
127 18 75 1
120 13 69 1
113 14 61 1
105 10 52 1
103 12 47 1
100 13 45 1
99 18 48 1
90 14 40 1
90 16 39 1
94 22 42 1
96 28 43 1
95 31 45 1
96 39 58 1
102 47 70 1
114 54 80 1
126 57 85 1
139 56 82 1
151 57 83 1
158 49 80 1
164 45 77 1
166 41 75 1
133 49 39 1
108 42 43 1
95 41 54 1
90 40 67 1
99 45 94 1
116 53 124 1
133 49 147 1
175 3 139 1
161 5 132 1
143 3 126 1
134 4 126 1
130 6 130 1
133 8 134 1
137 8 134 1
143 9 132 1
148 10 129 1
152 12 121 1
165 24 120 1
167 28 111 1
167 31 103 1
177 41 103 1
170 56 108 1
171 64 116 1
148 65 111 1
133 57 103 1
127 56 100 1
122 55 99 1
127 60 104 1
126 59 100 1
134 66 105 1
149 82 117 1
185 30 122 1
181 37 125 1
171 37 122 1
159 23 108 1
155 19 104 1
152 16 101 1
160 26 113 1
166 35 128 1
164 45 139 1
143 44 135 1
119 34 125 1
114 34 129 1
112 27 128 1
117 16 122 1
127 9 119 1
149 12 128 1
159 11 131 1
158 6 127 1
156 2 124 1
158 4 126 1
156 3 120 1
157 4 120 1
156 2 112 1
153 0 104 1
150 2 96 1
142 3 84 1
132 2 72 1
122 4 64 1
116 5 58 1
118 7 57 1
121 13 63 1
120 13 67 1
113 10 63 1
106 10 56 1
100 8 49 1
103 13 51 1
104 18 53 1
96 19 51 1
85 15 43 1
83 13 39 1
85 17 38 1
86 17 35 1
86 22 38 1
91 34 51 1
98 43 64 1
113 53 78 1
125 59 86 1
135 63 87 1
146 62 88 1
150 53 84 1
161 52 84 1
131 50 46 1
103 38 44 1
90 37 55 1
94 44 77 1
103 50 104 1
111 51 125 1
130 54 154 1
168 2 138 1
153 2 129 1
142 3 128 1
139 9 133 1
132 6 131 1
131 5 131 1
136 6 132 1
140 8 128 1
142 10 120 1
142 7 110 1
152 15 107 1
159 21 104 1
162 31 99 1
175 43 101 1
145 62 108 1
136 60 106 1
124 55 99 1
119 51 98 1
133 67 115 1
135 67 116 1
144 75 120 1
134 68 106 1
145 86 118 1
171 28 110 1
173 39 126 1
161 25 110 1
161 22 105 1
163 25 110 1
156 25 118 1
151 36 129 1
126 33 122 1
129 43 134 1
137 41 138 1
124 17 119 1
125 8 115 1
143 11 123 1
157 12 129 1
158 6 125 1
157 5 124 1
154 2 121 1
161 8 124 1
160 8 119 1
164 8 115 1
159 7 108 1
150 2 98 1
142 2 89 1
129 3 77 1
119 5 65 1
105 3 51 1
100 3 46 1
101 4 47 1
107 10 55 1
107 11 59 1
106 10 58 1
100 7 51 1
102 10 51 1
104 13 54 1
97 13 49 1
87 13 46 1
81 15 43 1
80 14 39 1
82 17 39 1
82 19 38 1
81 20 38 1
85 28 43 1
94 37 54 1
116 54 77 1
125 59 86 1
128 59 87 1
136 60 90 1
146 56 91 1
152 50 87 1
161 47 81 1
139 46 41 1
106 36 38 1
87 34 44 1
76 31 52 1
80 36 72 1
95 45 104 1
115 56 136 1
128 56 156 1
158 0 135 1
148 2 127 1
145 6 133 1
142 9 136 1
134 5 132 1
132 3 129 1
134 6 127 1
134 6 119 1
140 11 114 1
137 6 102 1
147 8 101 1
165 26 109 1
175 40 109 1
147 61 110 1
135 58 104 1
127 58 102 1
122 56 102 1
125 62 109 1
142 75 128 1
138 69 123 1
142 73 120 1
145 83 122 1
159 21 107 1
157 15 99 1
162 22 108 1
156 23 114 1
155 36 128 1
138 39 130 1
129 34 126 1
142 35 131 1
135 19 120 1
135 9 116 1
146 10 120 1
152 5 119 1
152 4 118 1
154 7 122 1
151 4 118 1
161 11 119 1
160 7 111 1
159 3 104 1
155 1 97 1
146 0 88 1
138 3 82 1
122 3 69 1
110 6 59 1
102 7 49 1
98 8 43 1
96 4 41 1
99 7 46 1
101 10 54 1
103 12 56 1
103 11 52 1
101 9 48 1
98 10 48 1
87 5 41 1
83 12 42 1
84 18 46 1
83 19 45 1
82 18 42 1
81 19 42 1
81 19 40 1
82 24 39 1
92 31 49 1
113 47 72 1
116 47 76 1
114 45 76 1
128 54 89 1
143 57 96 1
154 56 95 1
153 43 80 1
156 36 71 1
164 37 67 1
144 23 38 1
140 32 45 1
127 31 35 1
118 36 40 1
97 36 44 1
79 31 47 1
72 29 56 1
75 33 73 1
93 45 105 1
107 50 131 1
117 49 150 1
135 50 171 1
157 0 140 1
146 1 130 1
152 13 140 1
142 7 135 1
142 9 136 1
139 9 133 1
136 9 126 1
132 4 115 1
142 13 114 1
148 17 111 1
161 22 115 1
165 25 111 1
177 40 112 1
169 54 113 1
161 57 118 1
148 59 113 1
133 55 103 1
126 54 100 1
119 53 97 1
119 56 103 1
126 62 112 1
186 16 112 1
183 13 112 1
183 8 109 1
185 14 108 1
163 32 72 1
164 37 82 1
175 46 102 1
171 31 117 1
166 27 116 1
165 30 122 1
166 38 131 1
153 39 134 1
141 31 126 1
144 30 126 1
145 27 124 1
146 24 123 1
148 17 121 1
147 7 114 1
149 7 115 1
147 9 118 1
146 6 113 1
153 8 109 1
151 1 100 1
158 2 99 1
159 4 96 1
156 6 95 1
141 5 81 1
120 4 65 1
107 5 53 1
100 6 43 1
100 9 42 1
99 8 39 1
100 9 44 1
106 15 58 1
104 13 56 1
103 11 50 1
102 10 47 1
99 12 46 1
89 8 40 1
86 13 42 1
88 19 47 1
86 20 47 1
85 21 47 1
83 21 46 1
85 23 46 1
85 22 43 1
93 28 50 1
108 38 64 1
112 39 69 1
111 40 74 1
128 52 90 1
146 57 101 1
159 60 106 1
163 53 100 1
160 43 88 1
158 36 75 1
166 36 70 1
142 17 21 1
133 18 31 1
130 25 42 1
125 31 47 1
112 29 39 1
102 32 43 1
83 29 45 1
76 31 54 1
74 30 63 1
74 31 76 1
86 38 98 1
101 44 125 1
111 44 147 1
127 43 165 1
162 4 153 1
149 1 137 1
161 20 148 1
151 15 139 1
151 16 142 1
145 13 133 1
135 8 121 1
130 3 110 1
141 11 111 1
148 14 109 1
161 24 114 1
172 34 117 1
180 44 116 1
143 42 108 1
128 42 107 1
121 43 101 1
118 48 100 1
115 49 95 1
112 49 94 1
121 57 107 1
141 74 127 1
185 24 120 1
177 13 112 1
179 13 113 1
176 14 100 1
173 20 84 1
163 20 64 1
149 19 45 1
135 12 32 1
138 16 41 1
149 25 61 1
170 41 95 1
176 38 121 1
168 29 120 1
164 27 119 1
161 28 121 1
156 32 128 1
125 5 102 1
140 20 117 1
138 18 115 1
132 10 108 1
135 9 109 1
148 13 116 1
148 8 113 1
142 7 110 1
141 4 107 1
148 7 103 1
152 4 98 1
161 6 98 1
167 10 99 1
162 10 93 1
146 6 79 1
121 2 60 1
110 4 52 1
102 4 43 1
104 10 44 1
106 13 44 1
102 11 44 1
103 15 55 1
102 14 54 1
104 12 51 1
104 13 48 1
102 13 43 1
96 12 38 1
92 14 38 1
91 17 40 1
91 19 43 1
91 21 47 1
89 23 48 1
90 24 49 1
90 25 47 1
99 29 53 1
109 35 62 1
117 40 72 1
126 49 85 1
137 52 94 1
145 49 95 1
157 48 101 1
168 49 105 1
173 45 96 1
123 12 19 1
114 16 31 1
117 23 41 1
117 30 47 1
97 25 39 1
92 31 47 1
82 33 55 1
80 35 64 1
78 34 70 1
76 30 77 1
83 33 94 1
96 42 120 1
108 41 144 1
118 38 161 1
138 37 175 1
157 4 146 1
168 25 153 1
162 24 146 1
158 22 144 1
148 16 135 1
130 6 116 1
129 4 108 1
138 8 108 1
151 17 112 1
158 21 111 1
172 36 118 1
178 48 120 1
157 36 105 1
135 27 100 1
111 24 93 1
98 23 88 1
97 27 89 1
107 39 96 1
114 50 102 1
117 53 103 1
132 63 117 1
149 76 131 1
183 27 124 1
179 19 117 1
181 17 114 1
173 14 94 1
162 16 63 1
146 12 36 1
139 15 25 1
127 11 14 1
125 10 17 1
125 10 25 1
128 9 37 1
153 29 79 1
165 30 106 1
167 28 119 1
151 14 106 1
153 18 112 1
160 31 124 1
147 19 116 1
144 18 117 1
136 12 110 1
130 10 108 1
136 11 111 1
153 16 120 1
154 13 117 1
152 12 111 1
150 10 107 1
150 9 103 1
151 6 97 1
158 8 97 1
162 8 92 1
158 5 85 1
151 7 77 1
132 4 63 1
118 4 55 1
113 7 53 1
110 12 51 1
108 12 47 1
103 12 47 1
100 12 50 1
104 16 54 1
106 16 52 1
105 14 47 1
107 14 41 1
105 13 36 1
104 17 36 1
100 17 37 1
100 18 40 1
100 22 44 1
99 25 50 1
95 25 49 1
95 25 49 1
101 27 52 1
114 35 64 1
131 45 80 1
140 52 92 1
150 52 99 1
153 45 95 1
160 38 95 1
177 42 108 1
124 18 30 1
112 19 37 1
118 30 46 1
105 24 39 1
81 14 32 1
83 28 51 1
89 38 68 1
86 39 75 1
79 32 74 1
79 31 81 1
80 30 91 1
93 39 117 1
104 37 140 1
117 37 160 1
128 36 171 1
169 13 158 1
167 27 150 1
162 26 148 1
141 12 128 1
125 3 110 1
128 7 110 1
141 12 113 1
151 20 116 1
165 31 120 1
174 42 125 1
167 48 116 1
167 52 117 1
168 55 121 1
153 46 116 1
133 32 108 1
120 32 108 1
98 23 90 1
82 16 78 1
86 21 85 1
106 40 102 1
121 53 114 1
132 61 119 1
147 72 129 1
173 32 124 1
170 22 116 1
174 20 114 1
166 15 92 1
148 9 51 1
138 9 27 1
133 10 15 1
131 13 11 1
128 14 13 1
116 5 11 1
123 12 28 1
133 17 52 1
153 24 89 1
158 24 109 1
158 23 115 1
163 29 124 1
144 15 108 1
143 15 110 1
138 14 110 1
135 13 111 1
133 15 112 1
133 13 111 1
147 15 116 1
148 9 108 1
156 17 110 1
154 14 103 1
153 13 99 1
152 8 93 1
158 9 91 1
161 8 88 1
160 5 81 1
158 8 79 1
147 8 71 1
134 7 62 1
121 8 54 1
117 11 51 1
115 11 48 1
111 11 47 1
109 15 51 1
110 19 54 1
114 20 54 1
111 16 46 1
115 17 38 1
112 15 32 1
108 14 30 1
108 17 34 1
110 21 41 1
109 24 47 1
106 26 51 1
102 27 50 1
100 25 48 1
105 27 51 1
116 32 58 1
130 39 72 1
144 46 87 1
154 47 93 1
159 41 91 1
169 37 95 1
178 31 99 1
146 20 23 1
120 17 34 1
109 20 42 1
110 22 44 1
103 24 46 1
100 31 59 1
94 35 67 1
90 38 74 1
86 35 76 1
81 29 77 1
84 33 89 1
82 30 94 1
92 35 116 1
107 38 144 1
118 38 161 1
122 32 164 1
137 40 181 1
139 35 182 1
141 32 183 1
166 23 149 1
151 15 137 1
134 5 121 1
121 0 106 1
121 0 101 1
133 7 106 1
145 17 112 1
164 37 124 1
158 37 116 1
146 35 103 1
146 41 107 1
141 39 112 1
142 45 122 1
134 45 127 1
115 36 115 1
101 31 101 1
79 17 82 1
84 22 87 1
115 50 114 1
138 69 132 1
155 31 119 1
149 16 105 1
147 12 89 1
138 7 57 1
136 7 37 1
138 11 22 1
133 8 12 1
125 9 12 1
115 4 11 1
112 8 19 1
113 6 32 1
130 12 64 1
143 19 91 1
156 29 116 1
153 28 120 1
142 18 112 1
133 14 108 1
131 16 111 1
127 13 108 1
127 14 106 1
131 13 107 1
136 11 105 1
141 11 101 1
149 15 100 1
149 12 92 1
153 12 90 1
152 7 82 1
156 8 82 1
162 7 81 1
162 4 78 1
163 7 78 1
159 9 73 1
150 11 66 1
131 5 50 1
125 6 44 1
123 9 43 1
121 11 46 1
120 14 50 1
124 20 53 1
123 20 49 1
122 18 41 1
119 14 28 1
117 13 22 1
115 15 27 1
115 18 33 1
118 23 43 1
116 27 49 1
113 27 52 1
111 27 51 1
111 27 50 1
114 29 52 1
120 30 55 1
128 32 60 1
141 37 72 1
151 39 79 1
155 34 79 1
169 35 86 1
139 15 25 1
119 17 41 1
109 20 52 1
108 21 55 1
107 23 59 1
106 30 69 1
100 32 73 1
92 33 77 1
86 33 79 1
87 33 85 1
91 35 96 1
87 30 101 1
97 33 120 1
113 39 150 1
119 37 163 1
120 30 164 1
132 38 178 1
129 32 174 1
127 30 172 1
124 31 171 1
125 28 169 1
163 16 146 1
147 11 133 1
132 3 119 1
126 0 110 1
121 0 102 1
131 7 103 1
139 19 108 1
138 26 108 1
129 23 97 1
137 35 100 1
140 39 105 1
120 24 98 1
129 36 117 1
129 41 127 1
115 36 119 1
102 31 109 1
93 30 101 1
85 25 89 1
101 39 100 1
128 60 119 1
163 67 112 1
159 56 135 1
144 28 113 1
141 18 96 1
137 14 69 1
134 10 46 1
141 16 34 1
140 19 28 1
123 7 16 1
109 2 12 1
105 3 17 1
103 0 27 1
110 0 45 1
126 12 74 1
141 24 102 1
143 25 113 1
134 17 108 1
133 18 111 1
128 19 110 1
121 15 105 1
125 19 107 1
127 17 104 1
136 18 106 1
137 13 97 1
135 7 84 1
144 10 83 1
149 9 80 1
149 5 74 1
150 3 71 1
160 9 76 1
161 5 76 1
163 6 75 1
164 9 74 1
155 8 63 1
142 5 51 1
136 5 45 1
138 9 47 1
136 12 48 1
135 13 50 1
138 19 51 1
137 19 43 1
132 17 32 1
127 16 22 1
123 14 17 1
121 14 20 1
120 16 27 1
125 22 39 1
127 28 49 1
121 27 51 1
121 31 56 1
117 29 53 1
118 28 53 1
125 31 55 1
134 34 60 1
145 36 67 1
151 35 70 1
151 31 67 1
157 26 70 1
172 23 78 1
137 15 36 1
119 15 48 1
110 18 59 1
111 17 65 1
113 23 74 1
116 32 84 1
106 32 85 1
100 36 88 1
95 36 90 1
97 37 99 1
98 35 106 1
98 33 113 1
97 26 122 1
114 34 149 1
123 37 164 1
125 31 169 1
128 31 172 1
124 27 168 1
115 22 162 1
105 19 152 1
107 17 151 1
126 21 165 1
149 24 176 1
168 13 153 1
158 11 141 1
147 9 131 1
135 4 120 1
131 5 115 1
133 8 112 1
141 17 113 1
138 21 109 1
116 12 91 1
113 13 85 1
129 30 97 1
134 37 106 1
127 33 111 1
127 38 122 1
129 45 131 1
121 43 127 1
109 40 121 1
110 46 122 1
89 30 94 1
82 23 79 1
98 36 87 1
123 54 99 1
153 72 113 1
147 61 100 1
149 61 99 1
148 60 100 1
132 43 89 1
134 42 91 1
143 31 105 1
130 13 68 1
121 5 42 1
124 11 31 1
121 11 22 1
114 8 20 1
107 5 19 1
105 3 25 1
105 4 36 1
103 1 41 1
101 0 51 1
115 8 76 1
136 27 106 1
131 21 107 1
130 20 109 1
131 22 111 1
121 17 104 1
120 18 102 1
124 21 104 1
125 12 94 1
130 9 88 1
133 9 81 1
137 8 75 1
147 11 77 1
148 8 71 1
146 6 67 1
146 2 64 1
155 6 72 1
161 8 73 1
163 10 74 1
161 9 66 1
159 8 59 1
153 6 50 1
149 7 47 1
154 14 53 1
158 18 57 1
162 23 56 1
154 19 36 1
144 15 20 1
139 17 14 1
131 16 11 1
125 13 11 1
123 13 16 1
133 18 31 1
137 26 45 1
132 30 54 1
133 37 64 1
122 32 58 1
117 27 53 1
128 33 57 1
139 37 61 1
147 37 64 1
150 37 65 1
145 32 60 1
148 29 61 1
158 23 64 1
173 26 80 1
144 23 56 1
127 20 62 1
120 20 72 1
120 20 80 1
119 23 87 1
123 37 102 1
119 40 105 1
108 40 101 1
99 34 98 1
107 39 112 1
106 34 116 1
102 27 118 1
97 19 121 1
112 27 144 1
121 28 158 1
130 27 170 1
130 24 172 1
121 22 164 1
113 21 156 1
98 16 142 1
97 11 138 1
110 6 145 1
142 15 166 1
159 6 148 1
151 4 134 1
143 4 129 1
137 5 124 1
129 2 115 1
128 5 111 1
139 15 113 1
134 17 106 1
123 18 100 1
117 16 92 1
113 15 88 1
119 23 97 1
116 23 104 1
115 27 111 1
106 27 110 1
102 30 112 1
101 33 116 1
107 44 122 1
88 32 95 1
70 18 67 1
77 22 61 1
89 30 62 1
97 30 61 1
107 34 64 1
120 43 75 1
120 40 75 1
129 48 89 1
150 43 119 1
137 23 85 1
123 7 54 1
111 2 33 1
104 1 20 1
96 0 13 1
96 0 18 1
100 1 29 1
103 3 39 1
103 7 45 1
101 3 50 1
103 4 61 1
116 13 82 1
132 28 107 1
144 36 121 1
139 31 117 1
125 20 105 1
127 25 108 1
130 25 107 1
135 19 102 1
133 10 90 1
135 11 81 1
137 11 75 1
143 10 75 1
142 8 69 1
143 9 68 1
145 7 67 1
154 9 74 1
158 9 75 1
160 10 74 1
163 9 69 1
168 9 63 1
168 8 56 1
163 6 51 1
166 11 51 1
150 21 16 1
139 16 9 1
135 13 10 1
136 16 17 1
145 20 28 1
148 27 42 1
142 33 54 1
137 37 63 1
126 33 60 1
124 31 58 1
132 37 61 1
141 39 63 1
151 43 69 1
148 38 63 1
147 39 63 1
144 32 57 1
150 26 60 1
160 23 69 1
158 23 66 1
147 26 79 1
131 18 80 1
128 18 87 1
124 22 96 1
127 35 110 1
127 45 119 1
119 43 117 1
112 40 116 1
117 39 125 1
110 29 124 1
103 21 123 1
102 16 125 1
107 16 137 1
122 22 156 1
138 26 173 1
130 17 169 1
115 14 156 1
108 18 150 1
96 16 137 1
95 11 133 1
103 1 137 1
138 14 162 1
154 1 143 1
141 0 125 1
138 0 122 1
134 1 118 1
125 0 109 1
128 5 109 1
140 16 114 1
139 20 110 1
128 19 102 1
124 19 101 1
122 19 100 1
121 19 102 1
118 20 107 1
111 18 107 1
91 13 96 1
91 22 102 1
97 32 112 1
96 39 110 1
79 28 84 1
64 19 60 1
57 12 41 1
65 15 40 1
77 17 43 1
104 35 63 1
119 44 74 1
119 40 71 1
134 53 85 1
135 49 84 1
140 52 92 1
166 69 104 1
146 42 121 1
143 26 104 1
128 9 75 1
107 0 44 1
97 0 28 1
91 0 21 1
90 0 21 1
93 0 27 1
94 0 34 1
97 2 44 1
98 2 48 1
96 0 48 1
99 0 57 1
123 20 91 1
141 34 114 1
141 29 115 1
131 19 105 1
131 23 108 1
134 22 106 1
143 19 105 1
143 14 96 1
145 15 89 1
140 10 80 1
138 12 76 1
130 4 67 1
133 8 66 1
141 9 69 1
148 9 76 1
157 12 81 1
159 10 76 1
163 9 71 1
168 7 61 1
154 16 16 1
145 11 10 1
146 13 14 1
151 18 21 1
156 24 35 1
145 29 48 1
136 34 58 1
125 31 58 1
127 34 61 1
134 38 65 1
138 38 64 1
148 44 71 1
155 51 76 1
156 53 74 1
154 46 69 1
150 33 62 1
158 25 68 1
169 26 88 1
152 22 94 1
146 25 104 1
134 22 106 1
135 36 119 1
137 45 130 1
126 41 126 1
130 44 135 1
132 42 142 1
120 28 135 1
115 27 137 1
107 18 134 1
110 11 138 1
120 12 150 1
133 17 168 1
124 9 162 1
112 11 151 1
103 16 146 1
94 16 135 1
92 11 131 1
102 5 136 1
130 11 155 1
149 0 139 1
145 2 130 1
140 2 124 1
135 2 117 1
131 4 111 1
137 10 113 1
143 17 114 1
148 25 116 1
137 20 108 1
137 23 110 1
137 22 113 1
141 27 122 1
137 25 125 1
125 24 120 1
94 12 97 1
86 18 95 1
100 38 111 1
74 20 80 1
48 5 48 1
43 7 35 1
41 5 30 1
51 7 30 1
75 16 44 1
121 48 78 1
136 53 81 1
128 40 64 1
125 34 51 1
117 29 45 1
99 15 38 1
117 28 50 1
159 51 66 1
160 47 129 1
154 30 116 1
143 16 95 1
125 5 69 1
112 0 48 1
96 0 28 1
91 0 24 1
91 0 25 1
92 0 30 1
98 2 40 1
97 1 39 1
97 1 39 1
101 2 46 1
114 11 66 1
129 20 85 1
139 24 99 1
138 21 102 1
135 21 106 1
141 23 109 1
146 19 106 1
148 19 101 1
147 19 93 1
143 20 85 1
131 13 74 1
123 5 65 1
127 8 64 1
136 11 69 1
146 11 77 1
156 12 81 1
162 13 79 1
167 11 74 1
168 7 61 1
153 10 14 1
149 10 13 1
149 28 45 1
142 34 57 1
134 34 62 1
135 38 69 1
136 37 66 1
137 37 65 1
145 42 71 1
160 58 82 1
161 62 82 1
157 54 75 1
150 40 67 1
155 26 67 1
174 26 112 1
167 28 121 1
156 26 122 1
148 32 129 1
151 43 142 1
149 44 149 1
149 45 156 1
139 34 152 1
124 23 141 1
118 25 142 1
116 20 143 1
120 14 150 1
125 10 157 1
133 12 167 1
124 10 160 1
113 15 152 1
99 13 138 1
89 12 128 1
87 8 123 1
96 4 129 1
124 12 148 1
151 11 162 1
160 10 161 1
144 0 137 1
150 9 137 1
146 10 132 1
141 10 124 1
139 12 119 1
152 26 126 1
152 24 121 1
156 28 123 1
151 27 121 1
155 34 129 1
148 28 126 1
152 33 135 1
145 30 134 1
128 26 125 1
106 27 110 1
94 28 99 1
90 31 95 1
67 19 69 1
43 6 40 1
42 8 33 1
41 8 29 1
55 11 34 1
87 28 56 1
108 35 64 1
123 38 61 1
124 30 48 1
121 26 34 1
117 26 33 1
94 14 27 1
95 11 24 1
115 9 19 1
160 31 114 1
158 24 113 1
148 11 99 1
150 11 92 1
135 4 70 1
111 0 39 1
100 0 24 1
97 0 24 1
96 0 27 1
99 0 28 1
101 1 29 1
98 0 24 1
98 0 24 1
101 0 27 1
108 0 38 1
125 7 65 1
137 17 88 1
138 19 101 1
144 24 111 1
151 27 111 1
157 34 112 1
149 33 98 1
140 26 85 1
126 17 74 1
117 5 61 1
120 7 59 1
131 12 66 1
143 13 75 1
154 13 79 1
162 12 76 1
164 8 69 1
165 7 58 1
167 7 51 1
153 9 16 1
159 30 48 1
156 40 63 1
149 42 70 1
143 42 74 1
140 41 72 1
138 37 69 1
142 39 69 1
148 48 74 1
150 53 72 1
147 48 68 1
145 38 66 1
160 31 70 1
147 26 163 1
129 16 150 1
116 16 142 1
120 19 149 1
129 14 159 1
134 13 166 1
132 11 166 1
119 7 154 1
101 8 138 1
93 10 128 1
87 11 120 1
83 5 115 1
85 0 113 1
112 10 135 1
138 11 154 1
148 9 154 1
144 6 141 1
148 13 139 1
139 10 129 1
141 14 127 1
145 18 125 1
157 28 131 1
159 29 129 1
162 30 129 1
166 35 137 1
165 38 141 1
152 29 136 1
150 34 141 1
136 29 133 1
125 31 125 1
103 31 105 1
81 23 84 1
70 22 72 1
57 16 58 1
49 12 46 1
49 12 43 1
50 10 36 1
65 17 41 1
86 26 51 1
100 28 48 1
112 26 39 1
128 33 41 1
128 32 36 1
115 24 29 1
98 16 26 1
104 18 29 1
136 32 41 1
175 23 106 1
168 13 104 1
173 14 104 1
161 9 82 1
134 3 45 1
119 1 25 1
111 0 17 1
112 4 19 1
114 3 19 1
113 5 20 1
107 0 16 1
106 0 15 1
108 2 16 1
109 0 21 1
113 0 36 1
129 10 66 1
139 17 92 1
148 24 108 1
153 30 111 1
160 37 115 1
160 41 109 1
147 29 90 1
132 17 76 1
118 5 61 1
120 6 58 1
127 8 62 1
134 9 67 1
147 13 72 1
157 12 71 1
160 9 64 1
157 7 53 1
156 4 43 1
160 5 37 1
155 10 17 1
154 41 71 1
152 44 76 1
152 48 83 1
145 41 76 1
138 35 65 1
142 39 66 1
141 43 64 1
143 44 64 1
146 39 67 1
135 8 157 1
119 9 144 1
121 13 150 1
136 15 168 1
135 11 169 1
129 10 164 1
114 7 149 1
91 1 125 1
82 4 114 1
79 6 111 1
77 2 105 1
79 0 103 1
99 4 120 1
124 9 140 1
136 12 146 1
132 8 132 1
124 0 120 1
120 2 116 1
126 6 116 1
138 12 120 1
154 24 132 1
168 35 140 1
169 36 141 1
165 33 142 1
159 33 141 1
140 23 130 1
130 23 127 1
115 17 116 1
103 19 105 1
85 18 87 1
54 1 55 1
40 0 40 1
50 12 49 1
50 13 47 1
56 15 47 1
63 19 46 1
79 26 52 1
86 27 49 1
86 15 33 1
108 24 37 1
133 42 51 1
118 27 34 1
113 23 32 1
93 10 20 1
104 16 32 1
140 39 57 1
161 6 46 1
147 6 23 1
148 15 20 1
150 22 19 1
150 22 21 1
141 17 19 1
123 6 14 1
114 0 10 1
115 1 9 1
118 4 14 1
114 1 21 1
117 1 38 1
130 5 69 1
147 20 97 1
153 25 108 1
155 26 109 1
168 33 112 1
164 28 102 1
152 18 87 1
138 9 73 1
133 9 67 1
129 7 64 1
133 11 68 1
137 12 67 1
144 10 60 1
144 7 51 1
145 5 44 1
147 6 38 1
149 7 31 1
150 7 25 1
148 7 16 1
153 10 12 1
163 40 71 1
155 39 74 1
163 51 89 1
157 49 85 1
149 41 73 1
148 44 71 1
143 41 63 1
141 37 60 1
152 37 68 1
149 10 173 1
126 7 151 1
131 16 159 1
143 19 175 1
134 13 170 1
128 14 164 1
110 7 146 1
89 4 121 1
77 2 105 1
71 1 99 1
69 0 95 1
75 0 99 1
92 7 111 1
107 9 122 1
112 7 123 1
107 4 113 1
102 0 106 1
103 0 103 1
119 6 114 1
141 14 127 1
156 23 138 1
161 29 139 1
158 26 136 1
153 25 138 1
146 28 138 1
128 23 124 1
116 22 116 1
104 20 108 1
97 23 100 1
82 22 84 1
44 0 43 1
42 0 40 1
50 13 47 1
52 12 46 1
56 15 45 1
66 20 48 1
71 18 44 1
81 22 44 1
83 15 36 1
104 25 44 1
119 36 54 1
109 26 44 1
106 19 36 1
110 19 37 1
124 32 57 1
150 56 92 1
150 11 8 1
149 14 11 1
133 3 5 1
130 5 9 1
122 0 2 1
122 3 7 1
123 8 15 1
126 9 28 1
130 4 51 1
144 15 79 1
146 18 93 1
154 21 104 1
167 27 113 1
174 31 113 1
169 27 103 1
158 21 91 1
153 24 91 1
136 11 75 1
133 13 74 1
136 13 68 1
139 11 59 1
137 4 47 1
138 4 39 1
138 4 31 1
136 0 19 1
140 4 16 1
138 3 10 1
140 6 7 1
150 12 9 1
160 38 75 1
161 52 81 1
154 46 72 1
155 40 69 1
165 36 74 1
135 7 162 1
132 12 161 1
143 19 175 1
137 18 172 1
124 14 161 1
108 8 142 1
92 8 122 1
77 2 105 1
71 1 97 1
67 0 91 1
66 0 89 1
78 1 97 1
84 0 98 1
86 0 99 1
88 3 97 1
90 3 97 1
96 0 98 1
125 16 121 1
148 21 136 1
157 24 141 1
162 29 144 1
155 28 141 1
142 24 134 1
131 24 126 1
110 16 110 1
90 8 92 1
87 13 92 1
83 16 87 1
80 20 80 1
71 18 70 1
71 26 69 1
46 6 41 1
51 10 44 1
57 13 46 1
65 16 46 1
68 15 43 1
77 19 44 1
81 15 42 1
94 21 50 1
103 27 57 1
100 21 52 1
115 30 63 1
150 54 89 1
157 3 31 1
150 3 22 1
151 5 16 1
149 4 9 1
150 8 6 1
138 6 4 1
130 2 1 1
137 13 11 1
143 20 25 1
129 6 27 1
135 8 51 1
146 16 80 1
157 22 101 1
163 25 110 1
163 23 109 1
167 21 104 1
164 21 101 1
152 19 98 1
142 16 90 1
139 14 82 1
140 14 75 1
145 14 68 1
140 7 54 1
137 3 40 1
137 3 30 1
135 0 13 1
139 4 11 1
131 2 7 1
130 1 5 1
142 13 8 1
168 38 76 1
142 7 171 1
135 10 164 1
139 18 173 1
133 17 166 1
117 10 152 1
103 6 137 1
91 4 121 1
77 0 106 1
74 2 102 1
70 1 94 1
67 0 89 1
71 3 90 1
71 1 87 1
70 1 84 1
68 0 79 1
77 2 85 1
97 6 99 1
129 21 123 1
161 34 147 1
149 29 137 1
108 7 103 1
101 13 100 1
89 10 91 1
85 13 87 1
79 9 81 1
77 12 78 1
80 18 81 1
84 26 84 1
68 18 67 1
58 11 53 1
57 12 51 1
58 12 49 1
63 13 48 1
71 17 51 1
82 22 56 1
85 21 56 1
95 24 66 1
101 28 73 1
104 28 74 1
125 41 90 1
161 1 29 1
148 9 6 1
138 4 1 1
142 13 7 1
135 10 6 1
133 8 16 1
133 4 32 1
142 7 63 1
149 13 87 1
149 13 95 1
151 13 99 1
157 13 100 1
162 20 106 1
149 15 102 1
148 19 101 1
148 20 94 1
147 17 79 1
148 16 66 1
146 9 51 1
147 6 40 1
148 4 27 1
148 4 14 1
148 9 12 1
138 8 10 1
134 6 5 1
135 6 0 1
148 8 177 1
140 12 171 1
130 9 162 1
118 6 150 1
103 0 135 1
98 4 128 1
92 5 120 1
79 0 107 1
76 1 102 1
71 0 96 1
69 0 91 1
67 2 86 1
62 1 79 1
58 0 74 1
57 0 69 1
66 0 74 1
89 5 93 1
118 16 115 1
146 29 134 1
161 39 146 1
153 36 141 1
137 33 130 1
111 26 109 1
83 10 83 1
83 13 83 1
80 13 82 1
79 14 80 1
74 12 75 1
79 17 78 1
84 25 83 1
73 19 71 1
70 18 66 1
68 16 62 1
70 19 62 1
72 21 62 1
73 18 57 1
82 24 62 1
81 20 61 1
93 27 75 1
99 29 81 1
103 30 83 1
113 32 88 1
148 54 114 1
152 7 4 1
145 6 3 1
135 3 0 1
132 5 0 1
134 3 8 1
139 3 25 1
149 9 56 1
150 9 77 1
146 10 92 1
140 6 95 1
148 9 100 1
150 11 102 1
143 10 99 1
147 15 99 1
150 18 93 1
146 12 73 1
141 6 46 1
148 5 33 1
162 6 30 1
154 6 6 1
148 10 8 1
139 4 0 1
143 7 0 1
165 40 70 1
150 10 181 1
141 13 172 1
125 9 158 1
107 0 138 1
93 0 122 1
88 0 115 1
84 0 111 1
78 0 104 1
75 1 100 1
71 0 96 1
73 4 97 1
70 4 91 1
62 4 80 1
54 1 71 1
52 0 66 1
62 2 72 1
81 3 86 1
99 10 100 1
116 19 112 1
119 23 113 1
114 25 109 1
107 26 103 1
85 16 83 1
71 9 70 1
75 10 74 1
85 20 84 1
86 24 87 1
72 12 72 1
75 20 75 1
74 20 72 1
81 24 77 1
83 26 79 1
84 25 79 1
84 26 77 1
76 20 67 1
73 18 60 1
73 18 58 1
75 18 59 1
83 21 70 1
90 26 76 1
91 25 73 1
94 22 72 1
124 36 94 1
159 69 97 1
153 64 94 1
144 11 6 1
146 17 11 1
147 15 11 1
146 11 18 1
152 15 43 1
152 16 64 1
146 13 79 1
143 10 89 1
149 10 99 1
149 10 103 1
145 10 102 1
150 16 103 1
153 16 94 1
142 4 63 1
140 2 35 1
151 6 21 1
158 31 58 1
165 35 63 1
146 8 181 1
137 8 170 1
124 5 157 1
109 0 141 1
98 0 125 1
92 0 118 1
87 1 112 1
81 0 105 1
73 0 98 1
72 0 99 1
72 2 98 1
70 6 93 1
62 6 81 1
56 3 73 1
60 7 75 1
70 8 81 1
91 13 96 1
99 14 99 1
97 12 95 1
87 6 83 1
79 6 75 1
73 7 69 1
65 8 63 1
64 9 64 1
70 11 69 1
77 16 75 1
74 15 73 1
63 9 61 1
60 11 58 1
57 10 54 1
62 13 60 1
75 21 71 1
86 29 82 1
82 25 76 1
73 20 64 1
67 16 57 1
62 14 52 1
66 18 56 1
76 20 65 1
82 25 70 1
82 23 67 1
88 22 68 1
109 31 83 1
149 57 104 1
142 48 75 1
106 22 55 1
126 42 75 1
147 12 6 1
148 20 7 1
136 12 10 1
135 13 28 1
132 6 43 1
143 9 68 1
156 12 97 1
157 12 107 1
151 12 105 1
153 14 103 1
157 16 95 1
151 7 66 1
143 3 29 1
153 6 12 1
159 26 47 1
147 13 186 1
143 13 181 1
135 11 171 1
122 3 155 1
111 0 142 1
110 4 138 1
96 2 122 1
80 0 107 1
79 0 107 1
81 6 107 1
76 6 102 1
68 4 91 1
60 6 82 1
59 6 78 1
72 9 87 1
87 14 95 1
110 22 109 1
112 20 105 1
99 15 92 1
86 11 78 1
72 7 65 1
65 6 60 1
63 9 59 1
67 15 64 1
78 21 74 1
79 20 74 1
71 17 67 1
61 12 57 1
50 10 47 1
46 9 43 1
42 5 39 1
51 11 48 1
57 15 55 1
62 17 56 1
56 14 50 1
53 12 46 1
51 12 43 1
50 11 42 1
60 14 51 1
68 17 56 1
73 21 59 1
78 20 60 1
94 25 70 1
127 44 88 1
111 23 61 1
102 26 62 1
106 35 67 1
139 7 0 1
138 12 0 1
141 29 9 1
143 30 22 1
135 13 28 1
136 3 46 1
158 11 89 1
160 9 104 1
155 10 103 1
154 11 99 1
159 12 93 1
153 8 67 1
145 3 27 1
160 19 35 1
143 11 183 1
138 9 174 1
131 5 166 1
120 1 151 1
119 11 149 1
101 5 130 1
84 0 112 1
84 2 112 1
83 6 110 1
81 9 108 1
73 8 98 1
71 12 94 1
69 7 88 1
89 17 103 1
106 21 112 1
121 25 115 1
119 23 110 1
103 19 94 1
92 17 82 1
82 17 73 1
70 14 63 1
62 10 56 1
63 14 59 1
70 18 66 1
71 19 67 1
63 15 57 1
52 10 48 1
42 7 39 1
39 9 37 1
38 8 36 1
39 9 37 1
40 7 38 1
45 10 42 1
43 8 38 1
43 10 39 1
42 9 36 1
43 8 36 1
50 11 42 1
63 19 52 1
69 24 55 1
61 10 43 1
81 21 59 1
106 31 72 1
161 66 108 1
115 29 74 1
119 47 85 1
85 22 53 1
135 19 0 1
132 16 0 1
143 31 7 1
138 34 5 1
140 35 14 1
137 18 20 1
141 10 41 1
159 12 82 1
165 10 101 1
158 7 100 1
156 6 96 1
159 7 90 1
152 4 64 1
142 0 24 1
153 14 11 1
146 9 183 1
135 6 169 1
118 2 151 1
106 0 136 1
100 4 130 1
89 0 118 1
82 3 110 1
80 5 106 1
84 9 110 1
85 14 110 1
80 11 102 1
82 9 99 1
104 18 115 1
122 26 124 1
128 24 119 1
123 20 109 1
105 17 93 1
93 16 82 1
84 16 73 1
70 12 60 1
58 10 50 1
53 9 45 1
55 10 49 1
54 10 46 1
51 9 45 1
45 8 41 1
38 5 34 1
38 8 34 1
38 8 36 1
38 8 36 1
37 9 34 1
36 8 33 1
33 5 28 1
35 7 30 1
43 10 37 1
46 11 39 1
48 12 40 1
54 15 44 1
50 14 39 1
42 0 26 1
73 20 50 1
80 13 48 1
146 59 101 1
158 72 121 1
152 77 118 1
142 82 110 1
141 22 0 1
144 33 6 1
136 36 2 1
135 36 5 1
139 29 12 1
139 15 25 1
157 15 61 1
160 11 79 1
160 10 84 1
160 8 85 1
162 10 83 1
152 3 58 1
142 1 20 1
152 13 10 1
150 7 187 1
148 10 184 1
135 6 169 1
114 0 147 1
102 1 133 1
99 5 129 1
88 1 116 1
80 1 108 1
81 6 107 1
82 10 109 1
86 15 111 1
90 19 113 1
92 15 111 1
103 15 115 1
123 25 126 1
130 24 120 1
129 26 115 1
106 15 92 1
95 14 81 1
88 17 75 1
72 13 59 1
54 8 45 1
48 9 40 1
50 10 44 1
48 8 42 1
45 8 39 1
42 7 35 1
38 8 34 1
38 10 35 1
37 9 34 1
37 9 34 1
35 10 32 1
32 7 29 1
30 7 27 1
33 8 30 1
40 10 34 1
49 14 42 1
49 14 42 1
45 11 36 1
41 9 30 1
44 6 29 1
73 24 53 1
94 30 65 1
157 74 116 1
157 74 120 1
146 75 107 1
142 38 1 1
148 21 30 1
146 7 38 1
147 6 49 1
155 8 60 1
160 12 64 1
149 3 40 1
142 2 13 1
150 11 4 1
145 2 180 1
142 6 178 1
130 4 165 1
113 1 145 1
102 3 132 1
92 3 121 1
84 0 112 1
84 5 112 1
83 8 109 1
79 9 105 1
79 12 105 1
85 16 107 1
87 14 106 1
99 15 111 1
122 28 125 1
124 23 117 1
123 23 111 1
112 19 97 1
98 15 83 1
98 25 81 1
79 17 64 1
50 5 38 1
46 7 36 1
53 14 45 1
50 11 42 1
44 9 39 1
40 7 34 1
36 8 31 1
33 8 30 1
30 6 28 1
31 7 29 1
31 8 28 1
29 6 26 1
31 6 28 1
33 8 30 1
40 10 34 1
47 15 39 1
44 12 36 1
42 10 33 1
37 8 28 1
47 11 36 1
72 22 55 1
110 45 85 1
154 75 120 1
143 69 102 1
147 31 16 1
139 13 17 1
142 9 28 1
146 7 36 1
150 7 37 1
152 8 33 1
144 3 9 1
150 9 0 1
144 23 4 1
148 25 9 1
149 11 8 1
156 6 15 1
139 0 172 1
133 0 167 1
124 3 156 1
106 0 136 1
96 2 124 1
82 0 110 1
78 0 106 1
80 1 108 1
87 10 112 1
82 12 108 1
72 7 97 1
76 12 99 1
80 10 98 1
91 10 103 1
107 18 112 1
113 16 109 1
112 17 101 1
112 21 98 1
105 23 89 1
102 27 84 1
72 9 56 1
54 7 41 1
45 6 35 1
46 7 36 1
51 12 41 1
45 10 38 1
37 7 31 1
32 7 28 1
28 5 25 1
25 3 23 1
27 5 25 1
31 8 28 1
30 5 26 1
32 7 29 1
37 9 32 1
35 5 29 1
36 7 29 1
39 11 33 1
34 6 28 1
34 6 28 1
47 13 38 1
62 15 51 1
97 36 80 1
151 75 124 1
153 73 122 1
138 73 95 1
137 45 0 1
141 48 7 1
140 36 11 1
129 15 4 1
133 10 12 1
141 9 20 1
145 9 21 1
148 8 17 1
150 7 9 1
144 25 5 1
138 22 5 1
143 27 12 1
143 20 12 1
137 8 3 1
149 11 9 1
131 0 163 1
125 0 156 1
122 7 152 1
102 1 129 1
86 0 111 1
77 0 101 1
74 0 99 1
77 0 103 1
85 8 110 1
79 9 105 1
73 8 98 1
73 11 94 1
78 13 95 1
92 16 104 1
100 15 106 1
107 17 104 1
105 16 96 1
104 18 91 1
104 23 90 1
105 30 89 1
79 12 63 1
63 11 49 1
48 5 35 1
45 6 33 1
46 10 35 1
48 14 39 1
39 9 33 1
29 6 24 1
24 3 20 1
21 3 19 1
27 6 23 1
30 7 27 1
31 6 27 1
36 8 31 1
42 12 36 1
40 10 34 1
33 5 27 1
28 3 22 1
30 5 24 1
31 6 27 1
48 15 44 1
65 20 61 1
102 42 93 1
154 76 126 1
152 80 117 1
140 45 0 1
137 37 1 1
133 24 1 1
128 11 2 1
137 12 10 1
141 8 9 1
147 9 9 1
153 9 8 1
148 24 12 1
135 19 2 1
138 27 8 1
137 25 11 1
129 12 5 1
138 14 12 1
145 11 12 1
137 4 169 1
124 1 154 1
114 1 143 1
96 0 121 1
90 2 114 1
83 2 107 1
75 0 99 1
83 2 107 1
88 10 112 1
81 10 106 1
70 6 93 1
64 5 85 1
67 4 83 1
79 7 91 1
95 15 100 1
106 23 103 1
105 23 99 1
101 21 90 1
97 21 85 1
100 25 84 1
82 13 67 1
71 12 56 1
55 8 42 1
45 7 32 1
