172 156 183 2
250 163 206 2
248 160 202 2
250 163 205 2
249 164 203 2
250 165 204 2
191 165 194 2
245 162 204 2
247 158 204 2
253 157 205 2
249 151 200 2
247 151 199 2
249 156 201 2
250 159 202 2
250 159 202 2
250 159 202 2
252 164 204 2
192 169 197 2
226 168 206 2
244 148 196 2
246 146 198 2
253 150 203 2
251 148 201 2
255 152 205 2
255 157 206 2
252 154 201 2
255 156 203 2
254 155 202 2
253 155 202 2
246 158 200 2
237 168 199 2
221 148 194 2
255 160 211 2
240 135 191 2
246 139 195 2
255 148 204 2
243 139 192 2
255 154 207 2
255 153 203 2
252 148 199 2
255 151 205 2
250 141 198 2
248 139 194 2
234 141 186 2
230 155 198 2
222 135 188 2
249 163 208 2
246 165 205 2
239 147 196 2
255 151 208 2
241 129 188 2
243 131 190 2
255 144 202 2
255 148 202 2
253 146 200 2
255 148 202 2
250 141 196 2
250 136 196 2
244 130 190 2
246 137 192 2
239 154 196 2
226 149 191 2
239 151 199 2
249 159 210 2
254 156 207 2
254 158 206 2
254 160 210 2
247 144 200 2
251 137 199 2
246 130 195 2
251 135 196 2
255 144 203 2
255 149 204 2
255 150 205 2
255 141 200 2
247 131 192 2
247 127 191 2
243 129 189 2
244 150 198 2
199 174 204 2
233 147 192 2
252 160 209 2
253 156 207 2
240 135 191 2
243 136 192 2
255 157 209 2
252 152 204 2
253 145 203 2
246 133 195 2
248 129 195 2
251 130 197 2
250 130 194 2
252 134 195 2
247 133 192 2
252 138 197 2
251 135 196 2
250 132 193 2
246 126 190 2
242 135 191 2
149 228 100 2
220 145 186 2
239 151 199 2
254 157 208 2
240 127 189 2
239 123 188 2
255 148 210 2
253 140 202 2
252 136 201 2
249 130 196 2
249 128 195 2
252 129 196 2
248 121 190 2
251 126 194 2
249 131 192 2
252 136 197 2
255 139 200 2
252 134 195 2
245 129 190 2
239 145 195 2
148 224 89 2
155 232 100 2
239 151 202 2
242 145 199 2
255 156 211 2
253 153 207 2
252 138 200 2
248 127 196 2
245 124 193 2
248 124 194 2
253 129 199 2
245 122 189 2
250 127 194 2
253 127 198 2
246 116 188 2
250 123 192 2
247 131 192 2
255 144 203 2
251 135 196 2
244 130 190 2
235 130 186 2
185 182 147 2
162 195 102 2
171 210 117 2
245 150 208 2
248 139 206 2
240 129 195 2
255 152 215 2
255 157 216 2
255 149 209 2
255 147 209 2
254 133 202 2
247 116 194 2
214 83 161 2
247 123 193 2
252 131 198 2
250 125 193 2
247 120 191 2
245 113 188 2
247 121 192 2
248 139 196 2
253 138 197 2
237 128 185 2
240 153 198 2
165 135 127 2
147 144 93 2
180 179 131 2
247 152 210 2
247 131 202 2
243 118 196 2
242 117 195 2
255 134 208 2
255 137 208 2
234 117 185 2
248 129 197 2
255 130 203 2
251 115 197 2
255 121 203 2
255 137 208 2
255 132 199 2
255 128 199 2
254 124 196 2
252 120 195 2
245 122 189 2
249 145 198 2
254 142 200 2
239 136 189 2
186 162 196 2
184 158 193 2
188 171 205 2
165 114 131 2
158 124 115 2
204 157 163 2
199 95 182 2
190 89 165 2
238 151 206 2
241 145 206 2
255 152 218 2
254 138 209 2
240 108 191 2
240 100 189 2
223 82 174 2
255 122 208 2
255 129 208 2
254 123 199 2
245 114 192 2
248 112 194 2
250 111 194 2
255 116 197 2
255 123 198 2
253 123 195 2
254 124 198 2
250 120 192 2
245 118 187 2
246 126 190 2
250 146 199 2
255 159 209 2
251 144 198 2
241 147 195 2
162 146 183 2
183 120 149 2
188 134 150 2
234 160 197 2
212 91 186 2
206 63 179 2
195 58 161 2
208 105 176 2
242 144 205 2
246 128 206 2
255 128 214 2
251 117 204 2
238 99 190 2
255 109 205 2
253 101 201 2
250 93 196 2
248 93 195 2
249 100 194 2
253 106 195 2
255 111 200 2
255 108 197 2
255 109 198 2
246 99 187 2
247 105 187 2
254 117 195 2
249 117 192 2
244 117 186 2
247 129 190 2
255 152 206 2
255 162 208 2
250 157 202 2
247 147 197 2
239 154 196 2
190 172 210 2
158 142 181 2
173 158 197 2
182 166 203 2
200 137 166 2
215 156 178 2
222 139 183 2
188 58 156 2
201 49 166 2
198 51 157 2
192 82 153 2
240 183 176 2
238 184 174 2
225 131 193 2
255 154 217 2
254 133 210 2
249 103 204 2
233 70 185 2
240 75 191 2
247 83 196 2
255 100 206 2
255 94 200 2
250 79 194 2
250 77 193 2
245 74 186 2
252 85 191 2
253 91 194 2
247 87 187 2
253 93 193 2
250 92 189 2
248 100 188 2
253 111 193 2
250 118 193 2
245 126 190 2
251 151 201 2
246 155 198 2
242 162 199 2
190 170 207 2
185 169 206 2
183 168 211 2
180 165 206 2
180 164 201 2
190 127 154 2
207 141 168 2
204 115 163 2
196 63 154 2
206 54 163 2
199 47 155 2
200 82 158 2
247 182 176 2
242 180 169 2
244 182 169 2
244 177 168 2
241 181 171 2
226 119 189 2
245 127 201 2
251 114 202 2
238 73 189 2
231 50 181 2
239 55 187 2
234 53 182 2
253 80 198 2
246 71 190 2
243 58 188 2
247 57 191 2
249 62 191 2
246 62 186 2
250 73 190 2
245 71 184 2
242 70 180 2
245 80 185 2
248 90 187 2
254 107 195 2
255 120 196 2
255 139 200 2
190 172 210 2
184 169 212 2
168 152 197 2
194 132 157 2
210 135 165 2
204 106 153 2
209 83 157 2
217 72 167 2
212 63 167 2
200 70 156 2
220 136 172 2
218 168 179 2
248 178 170 2
246 180 164 2
244 170 159 2
248 171 161 2
250 180 168 2
242 178 169 2
246 175 173 2
247 172 169 2
243 165 163 2
243 169 168 2
244 174 174 2
251 141 210 2
254 127 206 2
249 101 199 2
243 69 193 2
239 51 189 2
251 63 199 2
246 59 192 2
252 67 197 2
247 57 193 2
239 37 185 2
240 33 186 2
244 40 189 2
239 42 184 2
238 48 180 2
250 66 190 2
245 68 185 2
250 78 190 2
245 80 185 2
251 95 192 2
253 114 195 2
253 133 197 2
254 152 202 2
181 164 206 2
181 164 208 2
179 163 208 2
167 151 198 2
186 169 213 2
208 144 168 2
215 134 166 2
222 120 167 2
224 97 166 2
215 72 160 2
214 65 167 2
203 66 158 2
197 90 146 2
203 130 160 2
245 180 178 2
248 177 173 2
249 174 168 2
245 168 160 2
248 171 161 2
246 174 159 2
247 174 157 2
254 172 158 2
251 167 154 2
251 169 155 2
245 165 154 2
247 170 164 2
245 167 163 2
248 165 161 2
249 161 157 2
250 159 154 2
249 158 153 2
247 158 154 2
254 166 164 2
248 167 164 2
246 172 171 2
240 175 173 2
222 142 191 2
250 155 213 2
255 156 218 2
253 139 209 2
239 106 189 2
250 95 197 2
246 72 195 2
234 46 182 2
239 43 185 2
255 57 202 2
255 56 201 2
246 42 193 2
242 30 190 2
239 24 187 2
245 34 191 2
248 44 195 2
246 51 191 2
249 62 191 2
251 68 192 2
253 75 195 2
242 69 184 2
249 86 191 2
253 106 194 2
251 121 193 2
250 138 196 2
250 154 200 2
185 168 212 2
176 158 206 2
171 155 202 2
184 166 212 2
203 135 158 2
192 109 139 2
218 112 160 2
212 81 151 2
211 64 153 2
213 61 162 2
201 57 154 2
186 61 135 2
196 107 155 2
250 176 173 2
249 170 165 2
249 164 159 2
249 162 153 2
245 158 148 2
245 159 146 2
246 160 143 2
251 164 147 2
250 163 146 2
252 166 149 2
251 165 150 2
247 163 152 2
249 162 153 2
248 158 150 2
251 158 150 2
254 161 153 2
253 160 152 2
255 162 154 2
252 162 154 2
252 161 156 2
247 160 153 2
246 163 157 2
244 163 159 2
240 162 158 2
242 171 167 2
242 177 173 2
240 138 201 2
247 138 205 2
250 130 204 2
241 101 188 2
249 93 192 2
255 94 207 2
245 62 189 2
238 36 184 2
243 31 191 2
248 36 196 2
242 27 190 2
238 21 187 2
242 27 190 2
245 35 192 2
246 44 192 2
250 60 196 2
252 67 195 2
251 68 195 2
251 68 194 2
238 60 182 2
253 82 194 2
255 99 196 2
250 111 190 2
249 126 191 2
249 147 197 2
182 164 210 2
175 159 204 2
215 141 168 2
210 120 156 2
222 111 164 2
191 56 132 2
201 50 143 2
214 56 166 2
209 55 165 2
191 54 146 2
201 99 165 2
250 180 178 2
249 168 164 2
250 165 158 2
254 165 157 2
255 165 156 2
252 160 149 2
252 158 146 2
250 158 143 2
253 162 143 2
250 159 140 2
252 161 142 2
255 166 148 2
253 164 148 2
251 162 146 2
251 159 146 2
250 156 144 2
252 155 146 2
254 157 148 2
251 157 145 2
253 159 147 2
254 160 150 2
252 158 148 2
251 157 147 2
252 160 149 2
250 160 151 2
246 157 149 2
246 163 155 2
244 167 161 2
232 162 164 2
233 178 183 2
246 159 210 2
242 141 201 2
254 140 210 2
250 123 202 2
246 104 190 2
249 95 191 2
255 100 204 2
252 74 196 2
238 36 184 2
235 19 182 2
239 22 188 2
240 24 187 2
241 27 187 2
245 34 189 2
245 41 190 2
245 48 189 2
251 61 193 2
253 66 195 2
247 60 193 2
245 58 189 2
245 62 188 2
249 76 191 2
245 85 185 2
246 100 185 2
243 116 183 2
255 151 202 2
173 160 204 2
183 167 212 2
169 153 198 2
182 165 209 2
186 167 210 2
221 159 182 2
217 131 166 2
225 126 173 2
213 94 158 2
192 53 134 2
194 37 140 2
216 47 176 2
211 45 177 2
193 46 160 2
199 89 175 2
249 170 166 2
253 164 158 2
251 161 152 2
253 163 152 2
253 161 150 2
255 165 154 2
255 164 153 2
252 160 145 2
252 161 142 2
250 158 135 2
254 158 136 2
248 153 131 2
248 158 134 2
255 170 148 2
250 163 143 2
245 154 136 2
251 153 142 2
255 154 144 2
254 153 141 2
251 153 140 2
251 153 140 2
251 155 141 2
246 153 138 2
255 162 147 2
255 162 147 2
250 158 143 2
247 159 145 2
243 159 149 2
239 160 156 2
224 158 160 2
217 170 176 2
231 160 204 2
248 153 207 2
255 140 209 2
247 119 196 2
248 109 192 2
253 104 194 2
255 99 198 2
255 82 198 2
246 50 192 2
231 21 178 2
234 22 182 2
236 25 180 2
245 37 183 2
247 45 183 2
249 53 189 2
250 59 191 2
247 56 186 2
247 56 188 2
245 50 190 2
238 46 183 2
249 66 192 2
251 79 191 2
245 83 184 2
238 92 177 2
247 122 188 2
255 155 203 2
164 148 193 2
168 152 199 2
168 152 199 2
167 151 200 2
163 147 194 2
178 159 204 2
192 170 209 2
223 149 182 2
239 140 187 2
229 115 175 2
196 68 142 2
193 49 136 2
199 39 145 2
230 56 190 2
217 46 186 2
203 50 176 2
183 69 164 2
218 162 211 2
244 169 164 2
245 155 147 2
255 160 151 2
253 160 145 2
250 157 140 2
250 157 140 2
253 160 143 2
254 162 147 2
252 161 143 2
250 158 135 2
253 157 133 2
251 152 129 2
248 152 127 2
248 157 130 2
246 159 131 2
255 169 142 2
255 168 146 2
252 155 139 2
255 154 142 2
253 151 137 2
255 155 140 2
254 157 141 2
254 158 142 2
254 158 142 2
252 156 140 2
251 156 138 2
246 153 135 2
233 142 124 2
245 157 143 2
236 151 146 2
230 156 157 2
222 165 171 2
240 151 207 2
255 159 213 2
238 118 189 2
252 119 198 2
250 111 194 2
249 102 190 2
252 96 195 2
251 80 194 2
245 55 187 2
244 45 188 2
248 45 189 2
249 46 189 2
246 46 179 2
248 53 181 2
255 66 192 2
250 64 191 2
243 52 181 2
250 56 189 2
247 50 192 2
239 44 184 2
245 62 188 2
255 84 196 2
254 96 193 2
247 108 187 2
247 129 189 2
251 155 201 2
162 144 190 2
169 151 197 2
166 150 197 2
149 135 188 2
142 128 181 2
155 141 194 2
148 128 177 2
190 161 205 2
237 148 194 2
226 107 171 2
205 74 150 2
206 67 150 2
200 53 141 2
202 43 145 2
224 51 177 2
216 44 178 2
204 48 173 2
200 82 178 2
244 172 173 2
249 178 176 2
250 175 169 2
244 162 151 2
253 161 148 2
251 151 136 2
255 152 137 2
252 153 132 2
248 152 128 2
248 152 128 2
249 155 130 2
250 158 135 2
252 160 135 2
249 155 129 2
250 152 125 2
253 155 128 2
250 155 127 2
246 155 126 2
243 156 126 2
249 164 133 2
247 160 132 2
248 151 132 2
254 152 137 2
253 153 138 2
254 153 141 2
255 159 146 2
252 156 140 2
248 152 136 2
246 151 133 2
248 155 137 2
249 158 137 2
241 153 131 2
240 153 136 2
222 135 128 2
216 136 137 2
210 143 150 2
220 166 179 2
236 129 197 2
248 134 204 2
255 157 216 2
251 143 203 2
233 105 180 2
250 112 195 2
253 116 196 2
255 114 202 2
255 95 198 2
244 71 186 2
252 68 190 2
250 62 185 2
255 65 189 2
255 65 187 2
249 57 179 2
245 55 177 2
246 61 181 2
251 67 191 2
250 64 191 2
254 63 195 2
246 49 191 2
238 43 183 2
245 60 187 2
249 81 190 2
252 104 192 2
250 123 192 2
250 143 197 2
176 158 206 2
150 136 189 2
156 143 199 2
148 135 191 2
137 120 175 2
149 122 173 2
190 159 203 2
212 115 166 2
205 79 150 2
206 68 151 2
213 69 156 2
216 68 154 2
206 52 148 2
221 54 170 2
215 49 173 2
209 54 172 2
237 108 209 2
224 144 215 2
246 170 174 2
247 163 163 2
248 159 155 2
248 155 148 2
248 151 142 2
252 152 136 2
255 155 135 2
234 129 108 2
250 145 124 2
255 158 133 2
251 155 130 2
248 153 125 2
252 157 129 2
252 161 134 2
248 158 131 2
250 159 130 2
251 158 127 2
253 159 131 2
252 159 128 2
246 155 124 2
249 160 128 2
243 157 124 2
246 157 127 2
249 153 131 2
254 152 137 2
254 154 139 2
253 153 138 2
248 151 135 2
251 154 138 2
254 157 141 2
252 156 140 2
249 158 140 2
244 155 137 2
243 154 138 2
242 152 141 2
224 136 132 2
227 145 147 2
234 161 170 2
239 172 189 2
238 140 197 2
231 113 187 2
248 123 199 2
255 141 208 2
254 135 203 2
248 111 191 2
253 109 196 2
252 108 195 2
255 107 200 2
255 89 197 2
240 63 179 2
252 69 187 2
251 63 183 2
252 63 179 2
248 59 175 2
246 57 175 2
255 66 186 2
255 74 194 2
246 60 185 2
242 53 182 2
249 57 194 2
249 52 193 2
245 53 190 2
247 63 187 2
247 82 187 2
252 113 194 2
255 139 200 2
251 158 203 2
190 167 209 2
189 166 208 2
186 167 210 2
188 169 212 2
179 162 206 2
165 148 200 2
154 141 195 2
147 133 192 2
139 124 181 2
140 119 175 2
172 146 194 2
228 130 181 2
234 111 178 2
223 88 165 2
218 76 158 2
220 77 157 2
207 59 147 2
221 64 167 2
222 64 175 2
212 60 169 2
231 83 193 2
252 110 222 2
237 87 212 2
245 77 224 2
213 52 192 2
225 95 203 2
248 166 168 2
248 157 154 2
245 148 141 2
247 146 136 2
250 144 131 2
251 142 122 2
251 142 119 2
248 144 119 2
252 152 126 2
251 157 129 2
251 160 131 2
251 157 129 2
250 156 128 2
241 150 123 2
244 157 129 2
247 164 132 2
246 163 131 2
247 161 128 2
250 161 129 2
245 155 121 2
238 148 114 2
238 147 116 2
251 157 129 2
252 153 132 2
255 154 136 2
252 152 136 2
251 151 135 2
253 153 137 2
252 155 139 2
254 158 144 2
251 157 145 2
252 162 151 2
242 153 145 2
215 121 119 2
232 141 140 2
225 137 135 2
232 147 150 2
239 159 172 2
229 151 173 2
239 164 197 2
244 163 206 2
254 160 212 2
248 138 201 2
249 124 198 2
250 119 197 2
254 126 201 2
251 118 197 2
253 106 195 2
250 96 192 2
252 93 193 2
254 89 193 2
255 78 192 2
242 57 177 2
242 49 176 2
249 53 179 2
244 46 167 2
248 50 171 2
244 50 172 2
255 64 186 2
255 74 197 2
247 56 185 2
241 44 183 2
248 49 192 2
252 57 197 2
247 57 191 2
243 60 184 2
246 83 188 2
249 118 194 2
255 154 209 2
190 165 205 2
185 164 207 2
186 165 208 2
195 170 210 2
194 169 208 2
175 156 199 2
179 160 203 2
178 161 205 2
176 160 209 2
160 146 199 2
152 141 199 2
139 125 184 2
136 121 180 2
161 141 194 2
183 157 202 2
244 155 201 2
215 101 161 2
201 71 145 2
212 73 152 2
227 84 163 2
207 61 144 2
208 59 153 2
215 63 163 2
223 73 170 2
240 83 190 2
253 76 210 2
233 37 196 2
238 23 205 2
234 27 203 2
228 57 197 2
255 141 232 2
249 179 181 2
248 162 163 2
253 160 155 2
253 152 144 2
249 145 134 2
249 141 128 2
241 130 110 2
245 135 110 2
252 148 121 2
250 152 123 2
248 159 129 2
249 162 132 2
250 161 131 2
245 156 126 2
227 142 113 2
234 150 122 2
246 167 136 2
248 169 136 2
246 161 130 2
244 158 125 2
244 154 119 2
243 150 116 2
246 153 120 2
250 155 127 2
249 150 129 2
255 154 139 2
254 154 138 2
254 154 138 2
254 154 139 2
253 153 138 2
248 152 138 2
252 160 149 2
249 161 151 2
230 141 135 2
217 122 126 2
215 120 124 2
217 127 126 2
232 146 149 2
227 139 155 2
214 123 154 2
231 138 182 2
245 144 200 2
250 137 201 2
246 121 195 2
246 113 194 2
244 104 190 2
250 106 194 2
248 99 193 2
249 90 190 2
251 84 190 2
247 75 187 2
252 73 191 2
253 65 188 2
245 50 180 2
242 38 172 2
247 41 175 2
243 37 161 2
254 50 173 2
248 47 177 2
247 47 180 2
251 53 188 2
244 46 185 2
239 32 182 2
242 38 189 2
248 49 194 2
246 54 191 2
246 63 187 2
243 84 187 2
246 122 194 2
191 165 204 2
189 166 208 2
185 169 214 2
171 155 200 2
185 169 216 2
168 154 205 2
154 143 199 2
140 130 190 2
132 121 181 2
152 139 195 2
172 154 202 2
209 109 163 2
196 72 142 2
218 80 157 2
217 74 153 2
200 54 135 2
192 45 134 2
198 51 140 2
215 69 150 2
232 72 168 2
243 53 189 2
240 27 193 2
245 17 202 2
241 22 200 2
229 45 191 2
255 136 236 2
255 176 179 2
250 162 161 2
254 160 160 2
255 157 152 2
250 147 140 2
247 141 128 2
251 144 124 2
254 148 124 2
250 148 123 2
249 154 126 2
246 161 130 2
244 164 131 2
239 159 126 2
238 157 127 2
239 162 132 2
238 163 132 2
243 168 136 2
249 170 139 2
245 162 132 2
240 154 121 2
242 152 115 2
241 149 110 2
244 147 112 2
250 152 123 2
244 143 123 2
254 152 138 2
254 153 141 2
253 152 140 2
251 149 137 2
237 136 124 2
243 147 135 2
253 161 148 2
247 159 147 2
239 150 142 2
236 145 144 2
216 124 125 2
224 133 130 2
237 145 148 2
225 127 148 2
208 104 141 2
221 110 163 2
238 117 186 2
247 114 195 2
246 103 191 2
251 104 195 2
255 102 200 2
249 88 192 2
249 81 192 2
251 77 192 2
250 68 189 2
244 55 184 2
246 50 186 2
249 46 187 2
245 36 181 2
240 26 173 2
249 34 172 2
255 45 168 2
251 43 165 2
240 29 168 2
237 24 174 2
242 31 185 2
243 29 189 2
237 20 186 2
236 21 186 2
242 34 190 2
248 51 193 2
248 65 192 2
248 91 194 2
250 133 203 2
195 170 212 2
188 167 208 2
169 150 195 2
183 165 211 2
169 153 200 2
154 141 187 2
174 158 205 2
166 152 203 2
163 152 208 2
129 121 180 2
126 120 182 2
134 126 186 2
152 139 192 2
172 153 198 2
211 155 190 2
219 159 195 2
220 154 190 2
218 143 182 2
203 114 160 2
210 91 155 2
214 80 151 2
205 68 140 2
197 56 132 2
183 41 123 2
191 48 128 2
213 69 141 2
229 66 159 2
242 46 182 2
248 29 195 2
247 20 195 2
246 29 196 2
229 41 180 2
235 101 196 2
251 170 169 2
245 155 154 2
248 154 154 2
252 154 151 2
251 149 144 2
251 147 136 2
250 147 128 2
253 151 128 2
250 148 125 2
246 152 124 2
242 159 127 2
234 158 124 2
240 164 132 2
241 166 135 2
233 164 131 2
232 163 130 2
236 166 132 2
242 166 134 2
243 160 130 2
241 155 122 2
244 151 117 2
244 150 114 2
251 152 120 2
252 152 124 2
250 149 129 2
255 153 139 2
255 152 143 2
244 143 133 2
253 150 141 2
245 144 134 2
248 154 144 2
248 158 147 2
245 157 147 2
244 155 147 2
226 135 134 2
226 134 135 2
235 144 143 2
232 137 143 2
226 122 147 2
214 101 145 2
218 92 156 2
229 92 172 2
240 91 185 2
244 88 189 2
248 89 192 2
250 84 194 2
240 62 182 2
247 62 190 2
252 61 193 2
243 47 183 2
234 31 175 2
236 27 178 2
242 27 182 2
239 20 176 2
242 19 172 2
248 27 169 2
247 33 157 2
255 43 167 2
242 30 167 2
239 25 173 2
237 23 181 2
236 19 185 2
236 16 184 2
234 19 184 2
232 27 180 2
235 43 182 2
241 61 186 2
236 81 182 2
245 128 196 2
232 166 191 2
191 129 152 2
164 145 188 2
171 152 198 2
182 164 212 2
173 157 206 2
163 147 196 2
160 146 195 2
167 155 205 2
155 146 203 2
120 114 176 2
111 109 174 2
112 107 171 2
134 125 182 2
170 156 205 2
216 166 203 2
225 158 199 2
219 133 178 2
210 103 155 2
221 108 160 2
237 134 181 2
221 144 180 2
217 105 161 2
224 95 159 2
205 75 139 2
196 63 129 2
199 53 128 2
209 45 140 2
235 41 174 2
242 33 186 2
246 31 187 2
247 41 185 2
227 46 161 2
214 83 159 2
248 172 172 2
246 162 160 2
250 160 159 2
249 154 150 2
250 153 147 2
252 153 147 2
253 152 142 2
255 153 136 2
253 151 129 2
252 150 125 2
248 153 123 2
240 160 127 2
232 158 123 2
236 163 130 2
242 171 139 2
231 166 134 2
235 170 138 2
240 171 138 2
244 169 137 2
243 163 130 2
251 162 132 2
254 159 129 2
249 149 121 2
250 149 121 2
252 150 127 2
252 149 130 2
244 141 126 2
252 149 140 2
241 140 130 2
252 154 141 2
254 158 146 2
249 155 147 2
243 153 145 2
248 159 153 2
247 158 154 2
229 137 140 2
236 144 149 2
225 130 136 2
230 132 145 2
222 115 143 2
214 93 144 2
207 69 146 2
233 82 177 2
246 85 191 2
251 83 196 2
255 85 201 2
250 70 193 2
240 48 185 2
242 40 186 2
243 39 188 2
237 28 181 2
240 25 181 2
242 22 182 2
240 15 181 2
237 10 175 2
243 15 174 2
249 23 169 2
248 27 158 2
245 31 153 2
250 44 170 2
255 52 185 2
249 46 189 2
244 37 189 2
240 29 186 2
235 28 180 2
247 55 192 2
254 74 199 2
249 78 192 2
232 81 176 2
239 118 187 2
200 115 146 2
193 106 138 2
239 160 189 2
205 153 173 2
196 171 210 2
189 168 211 2
175 156 202 2
182 164 214 2
172 156 205 2
171 155 204 2
168 152 201 2
170 156 209 2
138 127 185 2
120 114 176 2
110 108 173 2
113 111 176 2
133 125 185 2
154 141 195 2
171 153 201 2
238 152 201 2
212 97 154 2
226 101 159 2
229 108 161 2
237 131 177 2
224 157 188 2
223 121 169 2
222 100 159 2
205 79 140 2
195 65 127 2
201 42 134 2
224 38 165 2
238 36 180 2
243 37 182 2
238 43 171 2
225 51 146 2
212 82 142 2
248 168 169 2
252 171 170 2
255 170 169 2
254 163 160 2
250 155 151 2
252 153 148 2
252 151 143 2
252 150 136 2
249 146 127 2
243 141 118 2
234 139 111 2
243 160 128 2
237 162 130 2
232 159 127 2
240 169 137 2
232 166 134 2
237 171 137 2
236 168 133 2
234 161 126 2
241 161 126 2
251 162 130 2
253 155 126 2
251 149 124 2
253 149 124 2
255 150 129 2
253 148 129 2
250 147 132 2
242 138 129 2
244 141 132 2
255 154 142 2
252 156 144 2
247 152 146 2
242 148 146 2
250 159 158 2
244 152 153 2
235 142 150 2
230 134 145 2
229 131 143 2
225 122 143 2
221 107 143 2
204 75 132 2
219 71 157 2
233 70 175 2
241 68 186 2
248 68 193 2
243 60 187 2
246 54 191 2
240 36 187 2
240 29 186 2
241 27 185 2
241 23 182 2
240 18 179 2
242 15 180 2
242 10 181 2
243 10 179 2
246 15 173 2
249 21 166 2
251 25 158 2
244 26 149 2
245 42 160 2
253 57 180 2
252 58 189 2
241 46 184 2
236 37 179 2
234 42 177 2
247 69 189 2
253 87 195 2
252 93 195 2
251 107 195 2
251 130 199 2
253 155 206 2
229 148 178 2
246 135 177 2
205 73 122 2
230 100 148 2
254 150 187 2
242 168 195 2
185 162 208 2
175 155 204 2
167 149 199 2
180 163 215 2
181 165 214 2
178 161 213 2
159 146 202 2
135 127 187 2
121 116 182 2
121 116 182 2
130 121 186 2
139 128 188 2
157 140 195 2
174 154 205 2
182 159 205 2
200 167 210 2
214 145 192 2
214 117 170 2
248 134 186 2
239 112 167 2
222 101 152 2
248 156 197 2
239 143 189 2
223 105 163 2
203 77 140 2
187 56 122 2
186 53 118 2
197 46 127 2
222 43 161 2
233 38 176 2
234 37 179 2
232 44 167 2
223 56 136 2
221 88 133 2
255 172 190 2
248 171 189 2
225 126 172 2
255 154 199 2
255 168 185 2
249 169 172 2
255 169 168 2
247 153 151 2
245 146 141 2
251 148 141 2
252 149 140 2
255 156 142 2
252 151 131 2
247 151 127 2
243 160 130 2
240 164 132 2
238 163 132 2
244 169 138 2
237 161 129 2
234 160 125 2
230 158 120 2
233 159 120 2
242 163 124 2
247 159 123 2
251 152 121 2
253 149 120 2
254 148 124 2
252 145 125 2
244 138 124 2
237 130 120 2
223 116 108 2
250 145 139 2
246 143 134 2
235 134 126 2
240 141 136 2
239 141 140 2
237 141 143 2
252 155 162 2
243 145 157 2
231 130 146 2
228 122 142 2
226 113 143 2
218 95 141 2
203 64 131 2
215 57 150 2
227 54 169 2
240 57 184 2
244 54 190 2
246 50 192 2
247 45 193 2
239 28 185 2
236 20 181 2
239 21 180 2
241 20 178 2
239 15 173 2
241 12 173 2
241 8 177 2
245 10 175 2
248 15 168 2
248 17 159 2
248 18 152 2
245 25 151 2
247 42 163 2
248 55 174 2
248 64 186 2
240 60 183 2
234 57 174 2
246 74 186 2
248 87 191 2
247 96 191 2
247 105 191 2
253 122 198 2
251 135 198 2
251 153 202 2
233 150 180 2
253 144 185 2
246 114 163 2
226 100 147 2
217 128 160 2
201 142 170 2
198 135 164 2
183 160 189 2
189 162 197 2
183 157 205 2
171 148 200 2
162 143 196 2
161 142 195 2
172 155 209 2
149 136 192 2
139 129 189 2
121 112 177 2
117 108 175 2
126 113 182 2
127 112 177 2
142 123 186 2
152 131 190 2
165 145 198 2
190 162 211 2
199 157 207 2
199 137 188 2
226 138 189 2
246 135 188 2
248 116 174 2
230 101 157 2
227 121 169 2
236 151 192 2
234 145 189 2
217 102 159 2
204 79 143 2
196 65 133 2
195 64 130 2
187 57 121 2
212 42 149 2
224 39 166 2
233 46 177 2
228 47 160 2
215 54 124 2
233 97 135 2
255 159 175 2
223 117 140 2
206 73 136 2
233 100 165 2
252 147 177 2
255 169 180 2
255 173 175 2
251 161 161 2
251 156 154 2
249 150 145 2
247 145 140 2
255 155 145 2
253 153 138 2
237 142 122 2
239 155 127 2
238 159 129 2
237 160 130 2
240 161 131 2
238 158 125 2
233 155 119 2
226 154 116 2
231 159 119 2
236 157 118 2
248 160 122 2
249 151 116 2
250 145 115 2
252 147 118 2
245 139 117 2
252 144 132 2
249 140 133 2
254 147 141 2
244 136 133 2
239 134 130 2
245 141 138 2
241 141 141 2
249 150 153 2
235 135 143 2
244 143 157 2
242 139 160 2
236 126 153 2
232 114 148 2
225 99 146 2
214 75 138 2
201 48 130 2
205 38 143 2
219 39 160 2
242 55 186 2
243 47 189 2
246 44 192 2
246 37 191 2
240 24 185 2
237 17 179 2
234 13 171 2
240 16 174 2
239 14 170 2
241 13 172 2
240 7 174 2
242 7 170 2
245 13 161 2
246 13 154 2
249 17 153 2
244 19 149 2
242 32 155 2
238 45 162 2
241 67 180 2
245 84 188 2
252 98 194 2
255 107 197 2
252 110 196 2
253 116 196 2
249 119 193 2
253 132 199 2
255 141 200 2
252 154 203 2
242 155 187 2
235 159 187 2
239 168 202 2
199 117 153 2
197 153 178 2
196 160 204 2
182 150 199 2
178 150 201 2
159 134 189 2
153 134 190 2
148 133 190 2
143 130 186 2
140 129 189 2
129 117 181 2
114 99 168 2
113 96 166 2
127 107 178 2
139 118 185 2
151 129 193 2
155 131 191 2
172 143 201 2
185 146 201 2
199 138 195 2
229 138 197 2
225 109 170 2
236 102 163 2
236 102 161 2
232 118 170 2
234 135 181 2
243 156 198 2
247 165 203 2
241 159 197 2
239 151 191 2
252 151 193 2
229 137 176 2
233 148 190 2
210 98 154 2
196 74 135 2
189 62 129 2
185 55 125 2
212 53 146 2
233 60 168 2
237 61 170 2
234 64 160 2
212 56 121 2
226 84 122 2
237 111 125 2
216 62 134 2
208 57 136 2
224 104 149 2
255 162 185 2
255 174 187 2
248 169 174 2
248 168 169 2
252 168 168 2
252 163 165 2
255 163 164 2
247 152 148 2
254 157 150 2
252 158 148 2
247 155 140 2
243 159 135 2
240 161 131 2
241 162 132 2
247 166 136 2
237 157 122 2
226 150 114 2
217 149 112 2
221 153 114 2
226 151 111 2
244 159 118 2
248 150 111 2
249 147 109 2
252 147 117 2
246 140 116 2
225 115 102 2
247 135 131 2
252 143 140 2
246 138 136 2
250 144 146 2
244 141 144 2
246 150 154 2
255 160 168 2
246 149 164 2
242 140 162 2
240 129 162 2
229 106 150 2
220 85 141 2
221 75 146 2
209 51 138 2
205 36 139 2
208 31 147 2
210 25 152 2
238 48 180 2
244 47 188 2
243 39 190 2
244 33 188 2
237 22 178 2
232 13 169 2
230 9 164 2
237 13 169 2
237 12 166 2
236 8 165 2
234 5 168 2
238 7 165 2
243 9 156 2
247 12 151 2
248 16 152 2
243 17 150 2
240 26 150 2
239 47 160 2
243 79 178 2
255 111 198 2
255 133 207 2
255 136 205 2
253 132 201 2
255 135 202 2
251 132 196 2
250 136 196 2
253 141 199 2
251 153 202 2
222 163 191 2
213 131 169 2
197 102 142 2
226 167 197 2
194 156 195 2
201 166 208 2
195 162 207 2
180 148 197 2
171 142 196 2
167 144 200 2
157 140 195 2
153 138 193 2
153 139 198 2
152 137 202 2
126 111 180 2
131 114 184 2
124 107 177 2
133 113 182 2
142 123 189 2
125 104 169 2
155 129 192 2
171 137 197 2
180 126 186 2
193 104 170 2
213 98 165 2
217 80 148 2
225 84 150 2
244 119 177 2
246 129 182 2
244 136 185 2
234 126 175 2
235 123 173 2
233 112 165 2
240 107 162 2
226 99 150 2
238 137 179 2
227 144 186 2
208 99 154 2
187 69 129 2
184 50 119 2
217 65 150 2
232 71 165 2
221 56 150 2
221 59 142 2
211 56 121 2
223 61 137 2
209 51 135 2
223 97 145 2
255 158 186 2
255 162 182 2
252 160 173 2
255 170 177 2
255 175 179 2
242 160 164 2
255 169 172 2
251 157 155 2
254 159 153 2
248 153 147 2
243 151 140 2
239 154 133 2
238 157 130 2
235 154 127 2
237 158 128 2
227 151 117 2
215 145 109 2
210 148 111 2
219 155 117 2
230 155 115 2
235 151 107 2
238 142 100 2
250 148 108 2
253 149 112 2
253 148 119 2
239 128 111 2
251 138 130 2
247 138 133 2
237 129 127 2
239 133 135 2
237 134 138 2
239 144 152 2
255 166 179 2
255 163 184 2
236 131 162 2
238 118 164 2
230 96 157 2
218 67 144 2
204 41 134 2
195 24 130 2
203 20 144 2
222 35 164 2
235 46 175 2
237 40 179 2
238 31 181 2
238 24 180 2
232 17 172 2
229 12 165 2
225 6 160 2
230 10 162 2
235 12 165 2
231 6 160 2
229 3 162 2
236 7 162 2
243 10 154 2
247 12 149 2
246 11 148 2
241 14 147 2
237 21 146 2
237 43 155 2
251 90 183 2
255 128 204 2
255 145 208 2
253 146 202 2
249 142 198 2
255 152 208 2
253 149 202 2
248 144 197 2
247 143 194 2
249 156 201 2
211 125 164 2
212 109 152 2
179 103 139 2
195 163 200 2
197 165 204 2
199 168 209 2
186 157 201 2
196 167 213 2
191 163 211 2
186 162 212 2
165 146 201 2
145 131 190 2
136 126 189 2
123 114 181 2
132 121 189 2
116 105 173 2
122 113 180 2
125 114 180 2
111 99 165 2
127 108 172 2
159 135 195 2
168 124 187 2
182 102 173 2
196 85 161 2
208 70 147 2
224 77 148 2
236 96 159 2
241 106 165 2
244 109 167 2
237 100 156 2
238 94 155 2
244 91 155 2
248 88 152 2
248 88 152 2
243 98 155 2
238 116 165 2
235 149 186 2
247 164 206 2
217 110 162 2
191 78 132 2
180 61 119 2
199 56 136 2
208 56 139 2
206 50 134 2
212 55 134 2
214 59 127 2
215 70 113 2
230 67 148 2
220 63 144 2
234 108 153 2
255 150 177 2
255 140 169 2
228 120 144 2
243 149 165 2
255 174 185 2
255 172 179 2
255 171 174 2
249 155 155 2
249 151 148 2
252 153 147 2
248 152 140 2
237 148 130 2
243 159 135 2
233 153 128 2
227 152 123 2
225 156 123 2
216 154 117 2
207 149 112 2
215 153 114 2
224 149 107 2
233 146 101 2
231 136 92 2
249 148 106 2
252 151 107 2
240 136 97 2
243 133 110 2
253 141 127 2
253 141 130 2
241 132 127 2
246 141 138 2
250 149 153 2
246 153 163 2
253 160 178 2
255 160 185 2
239 128 168 2
228 98 158 2
232 85 163 2
221 57 154 2
202 26 137 2
202 18 142 2
214 28 155 2
229 40 168 2
238 44 177 2
237 31 178 2
230 17 171 2
227 12 167 2
226 11 166 2
223 5 161 2
225 8 161 2
228 8 158 2
225 2 153 2
229 4 160 2
235 8 160 2
243 12 152 2
245 13 148 2
245 11 146 2
239 12 143 2
234 18 141 2
237 44 153 2
254 91 180 2
255 121 195 2
255 142 203 2
251 148 201 2
251 151 203 2
254 161 206 2
250 159 203 2
247 156 200 2
249 164 205 2
221 160 191 2
225 130 170 2
206 122 158 2
222 148 185 2
198 168 206 2
198 167 208 2
202 169 212 2
183 160 212 2
131 113 171 2
118 106 168 2
117 108 173 2
126 117 182 2
123 117 181 2
123 118 184 2
118 111 178 2
117 105 171 2
148 134 196 2
160 130 194 2
170 108 181 2
165 72 152 2
189 63 145 2
219 76 155 2
222 76 147 2
242 93 159 2
255 102 167 2
241 82 148 2
238 73 141 2
231 57 128 2
233 49 121 2
230 46 118 2
235 60 127 2
228 79 137 2
224 114 159 2
236 151 192 2
212 108 157 2
212 101 152 2
202 85 140 2
186 62 124 2
201 53 129 2
208 56 131 2
209 55 125 2
212 66 115 2
223 62 142 2
231 76 154 2
252 126 171 2
255 146 179 2
228 106 147 2
202 85 127 2
228 129 160 2
254 169 192 2
253 171 181 2
248 157 162 2
246 151 157 2
242 148 162 2
245 153 168 2
236 151 158 2
231 152 148 2
232 155 137 2
217 146 118 2
220 155 123 2
217 157 121 2
216 158 121 2
203 141 100 2
227 150 106 2
240 153 107 2
240 142 95 2
244 144 92 2
246 143 98 2
226 117 86 2
231 119 99 2
248 136 122 2
239 128 119 2
249 141 138 2
244 141 145 2
254 158 170 2
253 155 178 2
251 141 178 2
240 115 170 2
225 83 157 2
236 77 170 2
216 42 153 2
209 27 148 2
204 20 144 2
215 29 154 2
221 32 158 2
232 36 170 2
236 30 175 2
232 21 175 2
230 19 174 2
225 14 171 2
221 10 165 2
225 12 166 2
224 6 154 2
224 5 149 2
229 7 152 2
235 10 150 2
236 9 140 2
239 10 136 2
243 13 139 2
240 16 140 2
237 23 144 2
236 43 150 2
245 82 171 2
245 109 181 2
253 139 198 2
255 156 208 2
255 159 207 2
254 162 209 2
197 150 170 2
217 169 193 2
218 151 186 2
198 153 184 2
172 146 185 2
175 147 188 2
193 165 206 2
191 163 204 2
195 167 208 2
182 145 189 2
203 161 207 2
175 133 179 2
183 155 204 2
158 138 191 2
146 131 188 2
136 125 185 2
145 134 194 2
138 130 190 2
129 124 188 2
113 108 175 2
127 118 183 2
145 129 192 2
140 104 174 2
148 84 162 2
165 65 151 2
192 66 150 2
218 77 153 2
232 78 150 2
233 67 139 2
237 63 135 2
237 59 133 2
230 44 119 2
239 41 118 2
238 40 117 2
238 51 122 2
239 76 139 2
233 106 157 2
235 170 200 2
199 113 152 2
209 110 154 2
222 116 162 2
211 97 148 2
199 76 131 2
198 54 124 2
208 61 132 2
209 60 126 2
205 60 117 2
209 51 126 2
237 85 160 2
251 123 172 2
239 119 164 2
210 84 145 2
214 96 157 2
235 137 186 2
232 147 188 2
243 168 201 2
249 171 195 2
247 161 174 2
243 154 176 2
222 138 190 2
192 111 177 2
190 117 172 2
203 134 165 2
217 147 145 2
225 155 130 2
219 153 121 2
223 159 123 2
212 152 115 2
215 150 110 2
231 155 106 2
239 153 102 2
232 140 89 2
244 145 86 2
246 145 91 2
249 141 103 2
241 131 104 2
249 137 117 2
253 141 129 2
251 142 139 2
236 131 138 2
242 141 159 2
235 125 160 2
229 100 156 2
222 76 151 2
222 63 155 2
215 43 151 2
206 24 143 2
203 18 145 2
200 17 143 2
202 18 142 2
206 20 145 2
217 26 155 2
227 29 166 2
231 25 172 2
229 20 174 2
226 18 178 2
220 14 176 2
215 9 169 2
216 7 161 2
222 8 155 2
227 9 147 2
230 11 139 2
235 13 134 2
237 15 128 2
242 18 130 2
243 19 133 2
241 23 136 2
240 32 146 2
250 60 166 2
255 100 188 2
255 126 200 2
255 145 204 2
255 160 211 2
219 167 205 2
188 160 198 2
194 166 207 2
191 155 201 2
202 156 205 2
206 153 205 2
207 157 208 2
175 129 178 2
181 138 184 2
177 135 181 2
196 154 200 2
191 153 200 2
177 148 196 2
164 142 191 2
167 148 203 2
139 124 181 2
143 132 190 2
146 136 196 2
134 128 190 2
109 102 172 2
107 102 168 2
122 107 176 2
145 109 183 2
156 88 171 2
163 70 151 2
199 81 155 2
216 74 146 2
214 50 123 2
234 56 130 2
241 61 135 2
233 45 122 2
239 44 120 2
248 73 140 2
248 103 160 2
249 127 176 2
242 144 183 2
236 145 180 2
214 112 149 2
227 118 157 2
231 120 160 2
218 102 147 2
202 78 130 2
195 56 123 2
201 58 124 2
205 61 123 2
206 63 117 2
209 70 112 2
209 58 125 2
229 82 152 2
224 94 154 2
193 70 133 2
181 59 142 2
215 102 192 2
210 119 198 2
185 107 180 2
192 121 191 2
221 147 210 2
229 147 196 2
220 136 196 2
144 65 157 2
181 115 127 2
216 149 133 2
201 136 108 2
213 149 113 2
212 150 111 2
213 146 103 2
223 145 96 2
233 148 91 2
233 143 83 2
245 147 82 2
241 136 88 2
245 137 99 2
247 136 109 2
249 138 121 2
251 139 135 2
255 149 158 2
255 152 174 2
245 125 170 2
224 78 149 2
203 40 133 2
202 31 137 2
200 21 139 2
202 17 144 2
202 17 144 2
206 17 146 2
221 27 160 2
222 23 166 2
222 17 170 2
221 17 178 2
215 16 179 2
203 7 169 2
205 4 160 2
214 7 157 2
222 9 151 2
228 13 143 2
244 25 125 2
244 25 129 2
250 35 139 2
245 40 145 2
247 58 158 2
240 80 166 2
246 110 184 2
255 142 202 2
253 154 208 2
247 153 205 2
212 124 172 2
223 153 187 2
220 164 199 2
221 154 195 2
185 113 159 2
217 154 199 2
196 161 201 2
197 161 207 2
205 152 206 2
218 133 198 2
191 94 163 2
195 104 171 2
187 111 173 2
187 134 186 2
196 158 205 2
186 152 200 2
176 147 193 2
175 148 193 2
172 149 195 2
167 149 199 2
143 128 183 2
123 112 170 2
130 120 181 2
127 119 179 2
127 121 185 2
120 115 181 2
108 107 173 2
122 112 181 2
127 104 176 2
165 118 188 2
194 117 183 2
192 81 147 2
203 53 124 2
243 73 146 2
238 66 140 2
228 50 124 2
230 42 118 2
240 45 123 2
237 45 120 2
245 61 133 2
246 75 141 2
247 89 150 2
239 98 151 2
245 113 160 2
215 83 120 2
224 97 127 2
236 116 144 2
215 94 129 2
201 75 123 2
189 60 116 2
197 59 119 2
202 63 118 2
205 67 116 2
211 71 116 2
212 70 118 2
214 73 126 2
218 79 142 2
212 82 154 2
195 73 160 2
174 62 174 2
163 65 188 2
143 63 184 2
156 82 197 2
157 79 198 2
130 64 172 2
204 140 138 2
216 154 131 2
212 150 113 2
214 149 109 2
222 151 105 2
224 147 91 2
234 150 86 2
241 153 81 2
239 147 72 2
253 150 92 2
252 146 98 2
251 141 104 2
248 136 112 2
242 130 119 2
255 146 152 2
248 138 163 2
235 111 161 2
219 65 149 2
202 31 137 2
200 21 138 2
200 15 143 2
207 22 149 2
203 16 145 2
209 19 153 2
223 26 168 2
221 20 174 2
214 13 177 2
210 14 182 2
189 6 174 2
187 1 162 2
207 8 153 2
215 7 143 2
221 10 141 2
222 9 133 2
232 23 124 2
243 27 124 2
249 35 133 2
242 34 130 2
241 52 144 2
251 89 172 2
247 109 184 2
255 142 208 2
241 136 195 2
203 105 162 2
173 98 137 2
195 157 178 2
182 137 160 2
222 167 199 2
212 152 188 2
216 149 192 2
186 112 161 2
188 118 168 2
217 166 209 2
201 162 209 2
156 99 154 2
164 67 134 2
192 111 177 2
198 148 201 2
184 150 198 2
185 156 202 2
167 140 185 2
185 158 201 2
186 163 207 2
178 160 208 2
152 138 191 2
150 139 197 2
130 120 180 2
133 123 184 2
125 119 181 2
133 112 177 2
168 120 180 2
224 144 203 2
203 84 148 2
226 85 153 2
232 83 151 2
234 73 143 2
252 74 148 2
248 60 136 2
240 49 126 2
249 59 133 2
240 54 127 2
241 61 132 2
246 80 144 2
252 93 147 2
226 76 113 2
191 62 116 2
192 61 113 2
200 67 112 2
202 67 110 2
206 77 134 2
204 77 156 2
186 65 166 2
171 66 185 2
163 72 201 2
158 83 212 2
151 83 218 2
141 76 220 2
135 67 214 2
147 74 215 2
141 64 204 2
128 49 192 2
141 64 196 2
154 87 190 2
150 89 158 2
174 109 139 2
172 106 107 2
189 127 104 2
207 143 107 2
224 155 113 2
226 153 102 2
231 152 93 2
235 152 84 2
241 153 77 2
246 155 76 2
248 156 81 2
249 154 86 2
248 149 92 2
238 135 90 2
239 130 97 2
241 130 110 2
243 132 125 2
251 139 151 2
254 139 172 2
226 96 156 2
215 56 148 2
206 29 143 2
205 23 144 2
194 9 137 2
194 7 140 2
199 14 144 2
206 21 149 2
207 20 151 2
217 25 164 2
223 25 174 2
216 18 177 2
208 17 185 2
193 10 180 2
180 4 167 2
207 9 146 2
220 14 141 2
227 19 143 2
224 17 135 2
250 40 129 2
250 40 131 2
245 41 130 2
255 70 155 2
250 91 171 2
255 122 194 2
255 134 201 2
207 97 160 2
182 98 148 2
205 163 185 2
221 173 197 2
216 165 198 2
177 115 164 2
185 127 175 2
177 124 176 2
176 90 151 2
175 80 146 2
178 99 162 2
205 144 203 2
181 141 193 2
159 130 178 2
185 156 202 2
189 162 205 2
181 154 197 2
179 156 200 2
178 160 208 2
169 155 206 2
148 137 193 2
143 134 191 2
143 132 192 2
129 120 183 2
110 109 175 2
153 123 183 2
206 157 212 2
223 153 205 2
229 139 191 2
222 110 166 2
234 98 160 2
234 67 137 2
246 61 137 2
243 57 132 2
245 57 133 2
243 52 130 2
231 45 120 2
244 67 137 2
248 79 136 2
236 76 112 2
194 69 109 2
200 71 109 2
193 68 110 2
187 66 120 2
192 68 152 2
178 62 163 2
173 72 178 2
179 92 199 2
186 107 214 2
190 118 226 2
187 120 236 2
173 105 228 2
170 95 221 2
162 83 208 2
145 61 185 2
156 74 182 2
159 89 162 2
159 94 136 2
188 120 133 2
191 125 99 2
211 143 106 2
223 149 104 2
232 152 99 2
230 149 86 2
239 152 83 2
240 149 76 2
240 148 73 2
242 149 79 2
240 147 86 2
210 106 97 2
216 109 115 2
230 118 142 2
242 122 168 2
228 91 161 2
213 51 150 2
207 30 146 2
208 25 149 2
200 15 143 2
197 10 143 2
210 20 156 2
223 30 173 2
221 27 176 2
214 24 182 2
200 23 189 2
182 10 174 2
181 6 159 2
192 9 149 2
207 11 137 2
222 18 139 2
224 20 141 2
220 17 132 2
245 38 118 2
254 46 130 2
252 46 129 2
247 45 129 2
255 75 156 2
255 114 188 2
247 111 183 2
225 98 167 2
196 83 145 2
200 106 158 2
214 169 192 2
203 144 192 2
201 138 185 2
205 146 194 2
184 132 181 2
193 136 187 2
204 127 183 2
221 141 200 2
187 126 183 2
187 136 192 2
197 153 206 2
177 137 189 2
199 163 211 2
192 160 207 2
170 144 189 2
177 155 201 2
154 136 184 2
149 132 184 2
141 128 182 2
131 120 178 2
141 129 191 2
136 127 192 2
108 107 175 2
140 104 168 2
190 142 200 2
215 158 211 2
243 155 206 2
241 123 181 2
219 65 135 2
231 56 131 2
239 61 137 2
241 56 134 2
238 49 131 2
234 45 125 2
235 50 125 2
245 70 129 2
207 84 115 2
189 66 112 2
183 64 122 2
184 62 147 2
176 60 157 2
189 89 185 2
201 112 206 2
206 123 215 2
201 124 220 2
188 117 219 2
176 107 213 2
177 99 208 2
172 89 197 2
165 79 180 2
157 74 156 2
158 88 112 2
188 116 119 2
191 122 93 2
204 132 92 2
214 136 88 2
232 150 94 2
235 152 86 2
244 157 86 2
239 149 73 2
204 98 118 2
219 107 147 2
214 88 151 2
219 75 160 2
213 51 152 2
214 40 155 2
217 34 160 2
204 20 150 2
197 9 145 2
206 15 154 2
212 23 167 2
212 25 176 2
208 28 185 2
189 21 179 2
177 12 164 2
186 11 150 2
198 15 142 2
210 18 137 2
216 22 137 2
214 17 133 2
252 47 126 2
251 48 129 2
247 46 126 2
240 55 133 2
233 79 151 2
194 59 128 2
187 60 129 2
196 83 145 2
204 112 161 2
216 162 196 2
227 164 209 2
219 147 195 2
216 142 193 2
195 122 177 2
196 126 180 2
200 130 184 2
210 147 200 2
196 147 200 2
189 140 195 2
187 123 181 2
188 123 179 2
191 141 194 2
193 155 206 2
133 107 155 2
159 139 188 2
163 143 194 2
144 125 178 2
142 127 184 2
124 113 173 2
128 116 182 2
111 101 172 2
180 98 170 2
203 128 193 2
213 138 197 2
230 150 203 2
231 130 188 2
218 78 147 2
226 65 141 2
231 62 141 2
220 44 125 2
225 43 128 2
226 40 124 2
198 78 106 2
206 78 113 2
208 72 118 2
201 64 118 2
192 63 120 2
183 60 127 2
185 63 146 2
191 76 167 2
205 103 189 2
210 116 204 2
214 125 215 2
208 124 218 2
197 121 219 2
187 111 209 2
183 100 192 2
180 95 180 2
174 88 163 2
162 78 137 2
169 96 107 2
228 148 87 2
232 152 83 2
235 153 79 2
243 153 74 2
237 145 78 2
193 85 117 2
199 81 141 2
196 60 145 2
218 68 167 2
207 44 149 2
207 35 147 2
212 31 158 2
203 19 153 2
194 8 145 2
202 14 153 2
209 26 170 2
200 27 179 2
189 24 178 2
178 18 166 2
180 18 155 2
191 17 138 2
200 20 130 2
245 40 119 2
251 46 125 2
245 40 119 2
232 41 119 2
181 58 125 2
175 65 126 2
218 146 184 2
188 116 162 2
217 139 189 2
219 136 190 2
204 120 179 2
190 110 169 2
179 106 162 2
180 117 172 2
174 125 178 2
188 135 189 2
167 92 151 2
178 98 159 2
187 117 177 2
186 131 188 2
148 111 165 2
161 137 189 2
163 140 192 2
159 140 193 2
137 124 180 2
142 128 190 2
135 115 186 2
127 106 181 2
110 91 170 2
161 63 140 2
181 85 156 2
213 117 181 2
224 113 179 2
218 80 155 2
228 73 151 2
219 58 138 2
204 81 112 2
214 81 126 2
206 71 129 2
200 67 133 2
194 66 141 2
193 69 153 2
204 86 174 2
211 102 185 2
214 111 194 2
220 122 209 2
215 122 211 2
212 123 213 2
201 113 199 2
175 85 157 2
180 89 150 2
170 80 131 2
209 131 83 2
229 149 90 2
229 148 82 2
229 149 78 2
234 152 76 2
242 156 73 2
236 144 81 2
193 85 119 2
189 68 135 2
188 49 142 2
210 57 165 2
215 52 159 2
206 33 148 2
209 28 157 2
197 12 149 2
192 6 143 2
203 16 157 2
199 22 165 2
186 26 176 2
180 28 175 2
177 26 163 2
206 17 133 2
218 26 129 2
225 30 122 2
244 39 118 2
232 41 119 2
210 48 121 2
189 49 118 2
178 70 130 2
195 105 156 2
235 165 202 2
239 170 199 2
208 126 174 2
195 112 164 2
209 126 182 2
204 123 182 2
170 88 150 2
177 88 154 2
169 87 151 2
178 110 169 2
184 119 177 2
166 87 150 2
169 80 146 2
175 79 151 2
172 117 175 2
182 145 199 2
158 128 182 2
122 101 157 2
129 120 177 2
132 120 184 2
131 103 177 2
135 96 177 2
127 77 166 2
193 55 140 2
210 64 147 2
210 56 140 2
205 47 131 2
201 45 128 2
201 82 112 2
214 84 128 2
204 71 128 2
197 63 136 2
197 64 147 2
202 72 160 2
212 85 174 2
211 92 176 2
222 106 189 2
225 116 199 2
217 109 192 2
209 105 184 2
189 86 155 2
183 83 135 2
181 83 121 2
211 125 92 2
218 136 89 2
229 148 92 2
231 150 85 2
233 150 80 2
232 150 76 2
247 157 71 2
246 154 79 2
240 148 85 2
190 83 109 2
179 57 118 2
193 54 143 2
213 60 166 2
220 56 168 2
208 35 153 2
200 19 150 2
191 11 144 2
190 8 145 2
196 13 157 2
191 19 165 2
170 23 166 2
165 27 166 2
200 15 135 2
209 23 134 2
220 31 133 2
227 34 127 2
236 39 118 2
231 44 121 2
214 50 123 2
180 72 130 2
221 133 181 2
218 123 165 2
199 106 151 2
199 111 159 2
204 113 170 2
216 126 187 2
207 123 183 2
182 93 157 2
162 61 131 2
179 86 154 2
181 92 158 2
170 79 146 2
170 70 142 2
168 57 136 2
149 72 138 2
185 130 188 2
184 143 199 2
144 116 174 2
122 83 162 2
135 77 164 2
201 38 131 2
200 40 130 2
201 89 114 2
204 79 119 2
199 66 123 2
195 59 133 2
195 57 142 2
204 67 155 2
210 76 163 2
199 70 153 2
217 91 172 2
212 92 166 2
202 85 155 2
208 92 157 2
189 75 127 2
187 75 113 2
225 129 89 2
223 133 81 2
239 153 92 2
241 159 86 2
232 150 76 2
249 158 75 2
247 157 69 2
249 158 75 2
242 151 80 2
231 142 86 2
189 52 140 2
210 58 166 2
220 58 170 2
212 40 160 2
197 18 148 2
191 10 149 2
192 12 159 2
186 19 168 2
195 20 137 2
201 20 135 2
209 27 137 2
216 34 135 2
221 36 129 2
222 36 120 2
227 42 120 2
213 42 120 2
188 59 124 2
223 115 173 2
214 164 191 2
216 163 193 2
224 147 179 2
194 88 136 2
191 78 132 2
255 147 200 2
241 152 200 2
206 106 166 2
178 78 142 2
217 122 186 2
200 101 168 2
193 83 154 2
188 70 144 2
168 57 133 2
170 57 139 2
182 101 168 2
189 133 194 2
162 126 187 2
192 86 108 2
201 81 117 2
196 63 116 2
196 56 127 2
201 58 138 2
204 62 146 2
214 72 156 2
212 73 152 2
206 72 145 2
191 65 126 2
195 72 126 2
203 80 127 2
196 71 111 2
238 144 80 2
243 156 85 2
237 155 81 2
235 153 80 2
245 155 76 2
249 160 76 2
245 157 70 2
247 159 72 2
192 41 154 2
207 44 161 2
190 20 142 2
185 8 158 2
183 19 168 2
200 30 136 2
206 31 134 2
211 35 133 2
212 37 130 2
216 39 127 2
217 39 123 2
226 43 121 2
228 45 123 2
221 43 127 2
206 45 125 2
206 75 141 2
253 146 202 2
247 158 206 2
206 127 170 2
172 97 138 2
160 89 129 2
187 119 158 2
201 140 174 2
202 154 180 2
215 140 171 2
214 120 157 2
226 139 174 2
241 129 179 2
206 72 133 2
218 84 147 2
237 124 178 2
249 142 196 2
233 119 181 2
181 64 132 2
187 70 140 2
210 93 163 2
204 87 158 2
191 66 142 2
176 49 128 2
172 55 134 2
177 76 152 2
157 87 157 2
142 95 163 2
190 91 111 2
196 81 114 2
191 52 117 2
194 49 124 2
196 51 128 2
206 61 138 2
211 66 141 2
195 54 120 2
237 152 85 2
232 148 75 2
235 151 81 2
183 34 150 2
205 43 163 2
192 22 147 2
185 11 160 2
193 34 134 2
206 40 138 2
208 38 134 2
211 41 130 2
214 44 132 2
215 46 129 2
222 51 130 2
225 50 127 2
226 50 125 2
230 54 129 2
227 50 130 2
209 48 128 2
218 85 151 2
228 116 174 2
201 104 155 2
167 81 128 2
162 79 125 2
170 91 136 2
186 111 152 2
211 119 156 2
226 115 158 2
235 119 166 2
255 160 205 2
235 101 162 2
203 58 125 2
207 64 130 2
235 96 163 2
246 110 176 2
226 85 154 2
216 64 139 2
218 70 148 2
220 92 166 2
200 78 151 2
185 49 134 2
176 60 143 2
153 72 151 2
199 55 124 2
200 55 122 2
186 39 156 2
200 39 168 2
195 25 157 2
190 15 146 2
188 11 145 2
187 10 150 2
189 17 161 2
196 40 139 2
209 48 142 2
214 49 141 2
218 54 140 2
218 55 136 2
219 56 135 2
223 61 136 2
223 57 131 2
227 57 130 2
228 56 130 2
230 58 134 2
221 54 132 2
232 77 151 2
236 101 167 2
205 87 145 2
185 85 139 2
167 78 126 2
176 88 136 2
177 96 139 2
210 142 179 2
244 131 175 2
226 102 152 2
210 96 145 2
249 131 183 2
252 118 177 2
235 86 152 2
225 63 138 2
228 63 139 2
237 75 148 2
241 75 149 2
188 45 124 2
211 83 158 2
192 65 142 2
181 49 125 2
192 49 137 2
146 63 151 2
175 42 149 2
193 42 171 2
207 45 183 2
201 32 173 2
187 11 148 2
186 15 153 2
198 44 142 2
215 57 150 2
222 62 150 2
229 70 152 2
225 67 144 2
221 65 138 2
221 64 135 2
221 61 131 2
231 67 136 2
235 71 142 2
237 75 148 2
233 78 152 2
235 91 161 2
211 81 145 2
192 77 134 2
173 74 128 2
165 84 125 2
199 129 165 2
252 158 195 2
240 127 173 2
237 108 162 2
252 117 173 2
255 128 186 2
240 94 157 2
227 56 132 2
230 47 127 2
228 39 121 2
232 36 122 2
201 60 139 2
184 69 146 2
176 64 140 2
182 39 167 2
193 33 181 2
206 37 190 2
202 29 183 2
184 10 159 2
185 18 149 2
183 31 139 2
197 43 141 2
209 55 143 2
222 66 149 2
225 68 147 2
218 62 136 2
219 65 137 2
219 65 133 2
213 56 123 2
232 76 141 2
229 79 143 2
237 92 159 2
229 89 158 2
219 88 156 2
205 87 147 2
179 74 130 2
154 93 124 2
197 160 177 2
217 155 178 2
254 164 199 2
255 149 191 2
210 71 128 2
232 79 143 2
254 108 170 2
252 99 163 2
235 59 132 2
228 34 120 2
220 42 126 2
205 52 134 2
177 60 139 2
169 60 139 2
175 26 169 2
192 26 186 2
207 36 200 2
211 36 199 2
196 20 180 2
186 7 160 2
185 34 139 2
188 34 130 2
196 42 128 2
215 63 140 2
216 61 135 2
216 62 134 2
215 61 131 2
223 69 137 2
234 81 145 2
216 68 130 2
230 87 149 2
228 94 157 2
220 94 158 2
204 88 149 2
184 79 135 2
154 91 120 2
214 175 193 2
235 165 191 2
219 122 157 2
241 137 174 2
254 157 192 2
255 152 196 2
232 82 143 2
225 58 127 2
241 76 144 2
251 82 149 2
244 60 132 2
228 36 119 2
224 40 124 2
215 52 135 2
200 64 146 2
180 57 138 2
174 24 175 2
192 25 191 2
203 31 201 2
211 35 206 2
203 26 195 2
198 17 180 2
198 16 163 2
191 8 148 2
186 17 146 2
188 35 139 2
202 50 125 2
208 54 124 2
227 72 138 2
235 89 152 2
213 73 134 2
202 63 126 2
208 78 140 2
208 93 152 2
188 85 140 2
179 123 150 2
229 159 183 2
255 156 196 2
235 120 161 2
245 141 178 2
255 145 188 2
226 77 135 2
221 51 121 2
225 48 118 2
242 58 130 2
253 61 134 2
221 45 128 2
210 56 140 2
198 54 141 2
190 45 136 2
165 44 173 2
190 45 198 2
196 35 201 2
202 34 205 2
206 32 207 2
205 26 203 2
200 18 188 2
203 18 174 2
194 11 155 2
201 52 116 2
206 56 119 2
221 73 135 2
208 73 131 2
200 71 128 2
183 61 118 2
184 80 133 2
168 76 125 2
171 117 143 2
252 169 197 2
253 160 191 2
246 138 174 2
241 129 167 2
247 139 175 2
251 135 174 2
237 99 150 2
229 66 129 2
221 43 129 2
214 45 134 2
209 46 137 2
191 33 126 2
160 54 178 2
196 64 210 2
203 53 213 2
207 46 214 2
208 37 211 2
197 20 198 2
196 14 187 2
198 9 173 2
190 6 156 2
199 66 121 2
190 66 118 2
189 71 123 2
164 70 120 2
204 151 177 2
244 159 190 2
254 165 197 2
255 160 192 2
254 148 184 2
255 148 184 2
251 147 184 2
251 140 180 2
255 130 178 2
243 94 150 2
235 60 127 2
218 35 127 2
213 38 131 2
207 42 134 2
184 48 133 2
159 63 186 2
186 64 207 2
203 63 220 2
204 51 217 2
205 43 214 2
204 33 209 2
200 19 196 2
199 9 179 2
192 7 163 2
197 65 114 2
191 65 113 2
189 68 119 2
190 77 129 2
182 78 129 2
165 71 121 2
206 162 185 2
248 163 196 2
254 158 193 2
255 154 191 2
255 151 189 2
255 153 192 2
240 146 183 2
235 138 179 2
248 137 180 2
241 110 160 2
242 90 149 2
234 60 129 2
237 38 118 2
210 31 123 2
206 37 126 2
188 51 131 2
181 48 131 2
146 57 177 2
173 60 200 2
192 62 214 2
193 51 211 2
202 51 218 2
209 49 221 2
211 38 215 2
209 21 196 2
196 11 174 2
198 67 111 2
205 79 126 2
191 68 122 2
186 73 129 2
172 74 125 2
194 150 175 2
232 176 185 2
226 177 183 2
232 138 172 2
246 142 179 2
246 137 176 2
244 142 181 2
230 139 180 2
228 140 180 2
240 139 181 2
246 130 175 2
248 114 167 2
242 87 152 2
234 56 134 2
230 38 121 2
189 56 122 2
192 60 133 2
178 45 126 2
167 59 197 2
196 72 222 2
196 62 219 2
199 57 221 2
203 51 221 2
204 40 214 2
202 23 200 2
192 15 181 2
212 74 126 2
209 71 120 2
207 77 123 2
202 78 130 2
147 80 134 2
154 85 139 2
166 100 144 2
188 134 168 2
237 176 181 2
240 173 180 2
244 168 180 2
240 167 178 2
240 175 183 2
223 171 175 2
248 161 193 2
248 146 183 2
248 137 179 2
245 136 178 2
240 148 187 2
249 161 201 2
247 150 193 2
245 138 184 2
244 121 175 2
236 96 159 2
231 73 147 2
230 59 138 2
226 49 130 2
213 35 121 2
186 48 131 2
152 48 187 2
182 62 212 2
181 51 209 2
199 63 225 2
195 52 219 2
193 41 212 2
194 27 203 2
184 17 185 2
193 57 121 2
218 79 136 2
179 59 123 2
168 98 152 2
193 127 175 2
201 147 181 2
251 172 178 2
231 148 155 2
237 154 161 2
246 161 166 2
244 158 161 2
245 156 160 2
246 157 163 2
253 166 174 2
255 175 187 2
249 171 184 2
244 177 186 2
251 175 185 2
255 167 176 2
223 136 142 2
199 130 132 2
248 148 186 2
234 121 164 2
241 132 174 2
217 126 167 2
229 144 185 2
240 145 187 2
246 140 188 2
238 121 174 2
232 104 165 2
231 91 160 2
232 84 158 2
234 79 157 2
207 50 131 2
192 33 125 2
187 53 122 2
162 48 196 2
161 40 195 2
178 49 211 2
182 49 214 2
189 48 215 2
190 38 209 2
181 24 189 2
174 17 170 2
185 56 120 2
200 67 130 2
176 97 154 2
186 112 161 2
208 148 182 2
246 165 171 2
236 141 147 2
240 144 148 2
255 159 161 2
255 149 152 2
244 134 137 2
247 138 143 2
248 139 142 2
251 141 142 2
247 134 136 2
239 129 132 2
253 148 155 2
255 168 179 2
255 171 184 2
244 164 175 2
244 168 180 2
236 166 176 2
226 171 177 2
237 173 171 2
231 157 154 2
240 160 159 2
236 152 152 2
228 142 145 2
231 142 148 2
247 156 165 2
253 163 173 2
255 164 174 2
248 142 152 2
233 132 138 2
234 154 155 2
244 144 182 2
240 129 172 2
235 130 173 2
192 109 151 2
226 145 186 2
235 139 184 2
239 133 179 2
236 124 174 2
239 122 177 2
229 109 171 2
226 103 168 2
228 103 171 2
225 93 166 2
205 59 142 2
190 37 127 2
194 50 119 2
204 55 119 2
149 45 190 2
148 35 187 2
151 31 190 2
165 43 204 2
175 49 210 2
182 46 206 2
179 33 192 2
182 27 181 2
173 26 158 2
162 78 137 2
172 81 140 2
193 103 157 2
208 127 170 2
248 171 181 2
240 145 151 2
244 131 133 2
245 123 122 2
245 123 120 2
250 128 123 2
254 129 123 2
252 128 126 2
250 132 132 2
252 136 136 2
255 137 133 2
242 118 116 2
246 120 121 2
243 122 127 2
237 130 138 2
235 139 151 2
238 154 167 2
251 173 186 2
230 165 173 2
248 173 168 2
243 156 149 2
242 143 135 2
239 131 119 2
237 120 110 2
237 116 108 2
235 120 117 2
248 135 137 2
255 149 154 2
255 154 161 2
255 152 159 2
249 148 156 2
251 150 158 2
255 174 181 2
241 145 182 2
240 131 173 2
251 146 189 2
236 151 192 2
232 149 191 2
241 142 186 2
243 136 182 2
231 123 172 2
242 133 186 2
246 138 196 2
217 111 173 2
218 116 179 2
227 121 187 2
224 104 178 2
187 55 139 2
205 49 122 2
216 56 128 2
215 49 115 2
150 41 194 2
157 44 196 2
171 50 203 2
173 38 192 2
181 27 183 2
181 21 171 2
174 22 157 2
161 87 148 2
176 95 153 2
168 79 133 2
166 69 123 2
170 73 126 2
165 73 120 2
188 103 144 2
227 152 183 2
246 162 186 2
248 141 157 2
243 119 129 2
249 116 117 2
250 113 107 2
250 113 103 2
251 115 103 2
244 108 94 2
249 117 105 2
251 124 117 2
250 127 122 2
249 124 118 2
240 115 111 2
242 118 118 2
239 124 129 2
239 142 151 2
251 168 178 2
244 171 178 2
247 173 172 2
246 165 161 2
247 157 149 2
249 146 139 2
249 137 126 2
250 128 115 2
251 121 107 2
248 110 97 2
245 104 94 2
242 109 104 2
255 137 136 2
254 130 130 2
245 125 127 2
255 138 140 2
246 133 137 2
249 144 149 2
255 160 166 2
250 171 177 2
243 153 188 2
244 138 178 2
255 148 190 2
255 163 201 2
249 154 194 2
253 150 193 2
245 139 185 2
236 130 179 2
240 136 189 2
234 131 187 2
219 124 182 2
189 105 165 2
192 112 173 2
197 112 179 2
183 87 159 2
171 59 141 2
215 47 122 2
152 42 189 2
163 34 187 2
177 26 183 2
179 19 171 2
175 20 158 2
164 89 145 2
181 97 147 2
165 73 120 2
168 72 117 2
181 89 136 2
182 90 137 2
183 87 132 2
220 114 150 2
235 107 130 2
240 102 115 2
244 103 109 2
253 111 107 2
249 107 93 2
252 110 90 2
250 109 89 2
250 114 100 2
250 119 109 2
246 119 113 2
243 123 124 2
238 128 131 2
242 153 157 2
246 171 176 2
249 177 181 2
253 177 179 2
249 163 162 2
243 153 145 2
249 153 141 2
253 149 136 2
254 142 130 2
248 130 118 2
251 127 117 2
252 121 111 2
250 113 105 2
245 106 99 2
242 105 99 2
255 124 118 2
255 118 110 2
245 111 102 2
243 110 103 2
249 122 116 2
251 131 132 2
255 145 146 2
255 154 157 2
255 166 169 2
254 178 182 2
252 178 179 2
231 157 184 2
231 135 172 2
248 146 186 2
241 145 183 2
248 154 191 2
246 147 191 2
228 126 173 2
229 125 174 2
213 110 163 2
220 119 175 2
205 112 169 2
190 112 170 2
178 108 168 2
186 118 179 2
184 109 174 2
175 85 157 2
169 17 177 2
174 13 169 2
169 70 117 2
210 95 136 2
222 89 116 2
239 97 111 2
243 98 105 2
247 102 99 2
249 103 90 2
246 110 96 2
242 118 110 2
239 127 126 2
244 145 148 2
234 153 159 2
243 179 179 2
244 173 171 2
247 167 160 2
250 162 150 2
247 151 135 2
251 148 129 2
253 142 123 2
252 134 120 2
253 131 118 2
255 129 120 2
255 128 120 2
255 124 116 2
253 114 107 2
249 112 104 2
251 113 103 2
252 110 98 2
246 104 90 2
249 109 94 2
251 115 103 2
252 123 117 2
248 125 120 2
242 122 121 2
244 132 131 2
240 135 139 2
244 145 148 2
231 137 138 2
226 146 147 2
226 170 173 2
220 145 176 2
225 137 175 2
233 149 185 2
248 163 202 2
234 145 189 2
213 117 165 2
219 115 164 2
231 124 176 2
225 120 176 2
215 117 174 2
193 109 168 2
184 109 168 2
181 109 172 2
187 115 178 2
179 102 168 2
169 83 154 2
161 58 137 2
228 39 121 2
238 39 119 2
170 20 180 2
171 11 169 2
161 75 120 2
175 81 129 2
194 87 129 2
205 81 109 2
228 90 106 2
241 94 102 2
244 94 95 2
245 97 93 2
249 102 92 2
255 135 129 2
244 140 141 2
233 154 159 2
244 185 171 2
255 184 164 2
255 180 154 2
254 169 140 2
250 148 123 2
251 139 119 2
253 131 118 2
255 129 120 2
255 131 119 2
255 125 115 2
248 111 101 2
250 112 102 2
255 117 107 2
253 115 104 2
255 114 97 2
254 113 95 2
253 114 95 2
253 116 98 2
252 116 102 2
249 115 104 2
247 116 108 2
246 121 117 2
252 133 135 2
242 133 136 2
227 131 132 2
231 159 160 2
214 149 179 2
212 145 176 2
237 166 200 2
226 150 189 2
204 117 162 2
225 125 175 2
229 120 173 2
234 122 178 2
234 126 184 2
227 129 188 2
210 122 182 2
182 100 162 2
187 108 171 2
182 103 168 2
164 81 149 2
161 64 141 2
215 42 121 2
235 45 131 2
246 46 132 2
241 40 116 2
177 27 187 2
179 19 179 2
238 93 98 2
247 99 99 2
245 105 104 2
254 117 111 2
254 114 101 2
240 106 95 2
247 131 131 2
234 145 151 2
241 182 152 2
246 178 141 2
248 165 131 2
248 146 121 2
249 132 114 2
251 127 115 2
254 123 113 2
255 124 112 2
250 116 104 2
248 110 97 2
250 110 95 2
254 114 97 2
252 113 94 2
253 113 90 2
252 112 89 2
250 111 90 2
252 113 94 2
252 112 95 2
251 114 98 2
251 117 106 2
247 120 114 2
244 130 130 2
239 140 143 2
243 165 165 2
229 153 192 2
228 134 182 2
219 110 165 2
228 106 165 2
232 106 169 2
237 117 179 2
233 123 186 2
219 123 186 2
201 109 174 2
189 94 162 2
175 77 150 2
159 60 140 2
221 46 125 2
239 47 133 2
249 46 135 2
245 44 124 2
245 45 118 2
167 19 177 2
176 18 175 2
233 94 97 2
248 110 110 2
250 126 128 2
253 133 132 2
255 129 122 2
242 119 112 2
250 142 142 2
241 160 167 2
235 190 151 2
246 181 139 2
244 160 124 2
247 141 119 2
249 127 114 2
252 124 115 2
252 118 107 2
251 111 96 2
250 109 91 2
252 110 90 2
252 110 86 2
252 113 94 2
252 112 97 2
249 109 92 2
248 110 97 2
243 112 102 2
231 116 111 2
232 140 141 2
225 129 175 2
217 102 157 2
232 104 163 2
228 98 160 2
232 106 170 2
230 110 174 2
209 93 158 2
204 85 153 2
190 73 144 2
172 61 138 2
229 47 122 2
239 41 124 2
243 37 122 2
240 37 118 2
247 46 124 2
241 42 122 2
242 46 122 2
227 101 104 2
246 122 124 2
243 133 136 2
249 143 145 2
248 136 134 2
238 130 128 2
240 145 149 2
229 159 169 2
190 184 172 2
206 191 170 2
220 194 161 2
233 188 149 2
246 177 136 2
244 154 120 2
252 143 123 2
250 128 117 2
250 122 111 2
250 116 104 2
248 109 88 2
253 112 92 2
253 117 105 2
253 120 111 2
248 117 107 2
243 120 112 2
251 142 137 2
248 157 156 2
233 141 182 2
233 120 172 2
235 110 168 2
230 91 156 2
232 83 149 2
230 75 141 2
218 68 129 2
188 56 132 2
244 41 120 2
245 43 127 2
242 44 129 2
237 44 125 2
236 41 117 2
197 25 127 2
190 27 136 2
181 27 141 2
173 30 146 2
172 38 159 2
172 43 172 2
167 41 176 2
226 115 122 2
242 135 141 2
235 136 141 2
243 147 151 2
243 147 149 2
240 151 155 2
228 157 163 2
187 183 172 2
196 179 161 2
220 189 160 2
237 183 147 2
244 161 127 2
247 146 118 2
250 140 125 2
247 129 119 2
244 121 106 2
254 125 104 2
255 121 96 2
255 118 89 2
255 115 85 2
251 115 103 2
252 125 119 2
255 139 139 2
247 139 139 2
246 154 155 2
245 154 195 2
233 120 172 2
232 94 154 2
229 64 130 2
248 42 124 2
244 42 126 2
240 42 125 2
241 44 124 2
223 29 126 2
218 25 134 2
210 23 140 2
200 21 147 2
193 23 155 2
189 29 163 2
188 35 177 2
184 33 186 2
175 31 188 2
159 21 176 2
191 88 107 2
232 140 155 2
250 164 177 2
246 162 177 2
234 152 166 2
234 154 167 2
230 184 158 2
237 170 141 2
246 152 124 2
249 140 117 2
254 142 128 2
255 138 126 2
255 139 121 2
255 129 107 2
254 120 93 2
255 119 87 2
252 111 93 2
255 122 114 2
255 134 131 2
255 141 143 2
255 153 156 2
240 178 179 2
238 143 185 2
253 126 179 2
246 82 142 2
241 38 120 2
240 33 124 2
234 32 134 2
233 30 145 2
229 26 151 2
220 24 156 2
204 21 161 2
198 24 171 2
202 31 185 2
197 28 191 2
192 26 198 2
187 26 200 2
171 21 191 2
180 94 129 2
230 162 185 2
218 152 187 2
221 158 187 2
230 189 169 2
238 170 147 2
239 151 129 2
248 146 124 2
255 142 124 2
255 140 123 2
255 137 120 2
255 128 109 2
253 121 100 2
251 113 85 2
253 111 91 2
255 116 106 2
255 122 113 2
253 121 116 2
250 123 116 2
255 140 132 2
255 163 154 2
249 146 139 2
234 125 120 2
239 127 125 2
243 137 137 2
234 144 146 2
235 155 190 2
255 144 191 2
255 106 163 2
242 30 130 2
238 30 144 2
237 31 158 2
234 28 163 2
223 24 169 2
210 23 176 2
208 28 189 2
215 35 205 2
203 26 204 2
193 19 204 2
187 18 205 2
175 16 197 2
159 13 184 2
172 74 112 2
193 101 142 2
225 141 177 2
222 154 177 2
226 164 187 2
222 156 192 2
191 124 165 2
193 132 166 2
225 169 178 2
244 186 162 2
249 163 140 2
250 145 123 2
251 139 117 2
255 137 115 2
249 129 105 2
253 129 103 2
252 122 96 2
251 116 87 2
255 116 83 2
255 112 95 2
252 111 93 2
247 106 88 2
245 108 90 2
243 113 99 2
241 110 100 2
244 107 99 2
249 116 111 2
241 117 117 2
236 133 137 2
253 148 189 2
255 125 177 2
246 73 127 2
245 29 130 2
242 28 150 2
235 24 161 2
235 27 175 2
225 24 180 2
218 23 187 2
214 26 198 2
215 30 212 2
195 15 202 2
184 11 201 2
181 12 203 2
176 11 201 2
161 8 187 2
172 37 155 2
166 35 151 2
173 76 129 2
192 90 138 2
199 99 137 2
230 134 161 2
232 142 154 2
233 147 160 2
216 131 160 2
188 107 140 2
196 120 150 2
238 160 182 2
232 151 157 2
209 145 143 2
234 188 164 2
242 167 138 2
248 148 120 2
253 140 110 2
253 134 102 2
254 129 97 2
252 125 90 2
255 128 89 2
247 107 94 2
246 107 100 2
254 122 118 2
242 126 127 2
240 151 155 2
242 145 186 2
252 125 176 2
252 89 146 2
204 63 113 2
249 30 132 2
245 29 156 2
240 27 171 2
233 24 178 2
226 21 184 2
226 26 197 2
221 28 207 2
213 27 216 2
187 7 200 2
173 2 194 2
177 10 202 2
182 17 208 2
163 7 192 2
186 83 138 2
204 100 135 2
230 127 148 2
229 127 138 2
215 117 130 2
185 91 117 2
168 79 109 2
193 104 132 2
235 148 165 2
238 149 153 2
231 166 162 2
240 161 131 2
245 138 104 2
253 131 92 2
252 126 85 2
252 123 81 2
250 108 88 2
250 113 103 2
240 113 107 2
238 126 125 2
246 154 157 2
243 178 182 2
241 162 193 2
248 163 196 2
249 164 197 2
242 155 189 2
240 149 184 2
235 139 177 2
236 135 175 2
235 141 178 2
255 165 204 2
251 130 181 2
227 70 125 2
203 62 112 2
215 67 125 2
225 67 128 2
226 57 122 2
237 58 113 2
249 30 132 2
246 30 157 2
240 27 171 2
234 24 181 2
227 22 189 2
231 27 202 2
230 32 215 2
215 28 219 2
184 7 201 2
164 0 189 2
166 2 193 2
175 9 203 2
162 6 193 2
173 75 126 2
215 107 139 2
239 132 152 2
228 125 142 2
202 104 125 2
198 104 128 2
228 140 154 2
229 157 160 2
223 156 130 2
238 130 91 2
250 110 87 2
246 112 100 2
247 125 120 2
239 139 141 2
253 176 182 2
242 150 187 2
232 131 171 2
238 131 173 2
237 126 169 2
244 124 170 2
249 122 173 2
250 119 171 2
240 113 164 2
236 126 171 2
255 160 201 2
244 156 194 2
255 162 203 2
255 136 190 2
233 70 127 2
227 64 127 2
233 62 128 2
238 59 124 2
251 32 134 2
248 32 159 2
242 28 175 2
238 28 187 2
236 29 197 2
235 30 209 2
232 33 220 2
214 27 222 2
197 21 216 2
179 15 206 2
174 18 206 2
176 16 208 2
160 7 193 2
197 92 125 2
226 118 144 2
220 117 144 2
199 111 135 2
230 152 166 2
204 171 156 2
222 153 124 2
236 128 82 2
244 113 92 2
241 123 111 2
240 133 127 2
245 155 154 2
246 177 182 2
252 162 198 2
231 128 171 2
235 123 169 2
244 126 174 2
246 124 173 2
250 122 173 2
248 113 169 2
250 115 171 2
239 112 165 2
255 149 196 2
255 151 197 2
255 115 174 2
253 68 133 2
230 52 114 2
242 59 123 2
245 60 117 2
248 31 135 2
247 34 162 2
244 32 179 2
243 31 191 2
241 33 204 2
235 33 215 2
230 35 227 2
211 25 222 2
199 25 219 2
182 26 213 2
181 33 217 2
171 25 209 2
156 14 194 2
174 73 113 2
195 89 127 2
184 86 125 2
185 112 139 2
229 172 187 2
191 171 160 2
214 159 136 2
236 150 114 2
243 114 85 2
241 139 127 2
246 168 164 2
239 169 197 2
243 156 191 2
235 132 175 2
235 119 166 2
241 119 170 2
248 126 177 2
251 120 174 2
246 102 163 2
244 94 157 2
238 88 149 2
253 110 166 2
255 131 183 2
255 118 174 2
230 53 123 2
250 36 134 2
248 38 163 2
246 36 183 2
245 35 194 2
239 36 206 2
232 36 221 2
223 36 227 2
209 32 226 2
200 33 224 2
184 34 217 2
175 33 213 2
177 35 215 2
171 32 211 2
158 24 199 2
180 79 123 2
175 79 125 2
155 100 121 2
203 179 167 2
218 167 146 2
236 157 124 2
243 140 97 2
231 124 104 2
237 151 186 2
233 128 171 2
233 117 166 2
238 115 169 2
248 125 179 2
255 122 179 2
249 93 158 2
238 67 135 2
253 72 141 2
244 60 130 2
235 51 121 2
254 63 140 2
251 43 129 2
252 43 162 2
247 40 184 2
245 41 202 2
238 41 216 2
221 37 219 2
208 35 221 2
203 37 223 2
194 38 223 2
182 39 217 2
170 31 208 2
179 40 217 2
185 43 223 2
164 22 202 2
151 12 189 2
171 75 121 2
171 77 129 2
184 143 151 2
192 190 175 2
191 194 173 2
189 191 167 2
193 181 157 2
216 180 154 2
230 165 133 2
239 151 115 2
248 142 100 2
247 129 79 2
243 112 91 2
237 133 120 2
235 162 155 2
230 134 172 2
226 114 162 2
236 113 167 2
242 117 172 2
251 111 171 2
255 89 158 2
251 45 120 2
251 45 156 2
247 42 181 2
245 45 203 2
234 42 213 2
219 42 220 2
207 42 222 2
197 42 221 2
189 45 221 2
182 46 218 2
178 44 217 2
185 46 223 2
183 41 221 2
166 23 203 2
183 94 140 2
167 79 129 2
186 129 144 2
218 179 172 2
206 184 161 2
197 183 157 2
207 185 148 2
224 182 144 2
233 168 126 2
242 149 105 2
247 137 88 2
244 118 93 2
236 115 96 2
233 131 117 2
239 136 179 2
243 122 173 2
244 113 167 2
231 81 144 2
254 78 151 2
241 42 125 2
246 43 148 2
243 41 175 2
243 43 194 2
235 42 208 2
225 47 221 2
213 50 225 2
200 54 225 2
186 50 218 2
187 55 224 2
186 52 224 2
186 47 224 2
179 36 216 2
166 21 202 2
158 79 126 2
160 77 123 2
162 100 111 2
201 146 139 2
231 181 156 2
227 181 145 2
230 185 144 2
232 195 151 2
224 190 145 2
226 175 128 2
241 171 119 2
246 156 103 2
247 142 87 2
251 135 76 2
238 122 96 2
240 132 119 2
250 143 137 2
240 145 141 2
234 157 151 2
255 136 185 2
247 103 162 2
255 104 168 2
255 88 157 2
231 44 121 2
243 39 124 2
235 41 138 2
243 48 176 2
243 47 193 2
236 46 206 2
226 49 217 2
218 54 226 2
207 60 228 2
197 60 226 2
195 62 229 2
194 61 230 2
186 47 224 2
179 36 216 2
158 13 192 2
159 84 123 2
213 158 155 2
232 177 154 2
230 170 133 2
241 177 129 2
239 173 121 2
236 176 122 2
229 183 131 2
231 188 135 2
236 181 127 2
240 169 113 2
248 160 97 2
251 149 85 2
246 134 97 2
255 184 170 2
253 177 177 2
249 177 181 2
250 137 181 2
227 61 127 2
248 60 137 2
255 67 145 2
255 58 141 2
241 35 120 2
220 43 134 2
234 52 173 2
241 54 197 2
238 54 210 2
234 59 222 2
233 66 232 2
229 68 236 2
216 63 233 2
208 67 234 2
198 60 231 2
189 46 224 2
172 29 209 2
155 14 188 2
151 76 132 2
186 122 138 2
225 173 160 2
232 178 144 2
240 169 123 2
244 165 109 2
247 167 108 2
245 166 107 2
239 167 106 2
236 166 106 2
238 166 105 2
242 163 97 2
251 158 89 2
254 151 80 2
237 123 87 2
248 160 136 2
221 88 141 2
247 30 121 2
253 30 123 2
207 50 131 2
220 57 166 2
236 64 198 2
240 68 216 2
238 71 223 2
238 72 230 2
236 69 235 2
229 69 239 2
209 66 233 2
199 61 232 2
187 49 223 2
174 35 212 2
159 21 194 2
